region_id,T_EI_ns_IndSt_nsP,T_EI_ns_TotM,T_EI_ns_TotF,T_EI_ns_TotP,Tot_Indig_M,Tot_Indig_F,Tot_Indig_P,Tot_NonInd_M,Tot_NonInd_F,Tot_NonInd_P,Tot_IndigStat_nsM,Tot_IndigStat_nsF,Tot_IndigStat_nsP,Tot_TotM,Tot_TotF,Tot_TotP
IARE101001,152,138,133,271,81,87,168,294,281,575,84,75,159,459,443,902
IARE101002,1241,1316,1289,2605,991,1065,2056,4001,4419,8420,738,637,1375,5730,6121,11851
IARE101003,174,163,176,339,111,106,217,370,465,835,91,98,189,572,669,1241
IARE101004,208,207,245,452,266,260,526,554,652,1206,122,102,224,942,1014,1956
IARE101005,658,631,620,1251,259,269,528,1550,1719,3269,372,319,691,2181,2307,4488
IARE101006,69,100,92,192,54,91,145,219,281,500,48,30,78,321,402,723
IARE101007,331,369,305,674,194,175,369,882,889,1771,190,157,347,1266,1221,2487
IARE101008,304,744,367,1111,560,304,864,894,807,1701,177,149,326,1631,1260,2891
IARE102001,1074,821,939,1760,313,377,690,3722,4105,7827,544,603,1147,4579,5085,9664
IARE102002,256,406,281,687,125,108,233,960,995,1955,158,123,281,1243,1226,2469
IARE102003,464,477,484,961,286,262,548,1154,1307,2461,269,233,502,1709,1802,3511
IARE102004,159,162,166,328,89,99,188,485,494,979,101,80,181,675,673,1348
IARE102005,459,671,693,1364,264,255,519,2291,2511,4802,316,223,539,2871,2989,5860
IARE102006,217,302,275,577,156,169,325,741,784,1525,132,108,240,1029,1061,2090
IARE102007,716,559,527,1086,346,357,703,597,620,1217,377,360,737,1320,1337,2657
IARE102008,140,184,141,325,170,203,373,547,510,1057,101,56,157,818,769,1587
IARE102009,712,919,614,1533,206,163,369,1994,1843,3837,407,361,768,2607,2367,4974
IARE102010,474,516,495,1011,266,277,543,1257,1413,2670,264,239,503,1787,1929,3716
IARE102011,1936,1951,1893,3844,963,1000,1963,6157,6347,12504,1052,1013,2065,8172,8360,16532
IARE102012,301,304,265,569,88,94,182,617,763,1380,185,135,320,890,992,1882
IARE102013,435,426,462,888,126,108,234,1498,1604,3102,225,239,464,1849,1951,3800
IARE102014,224,245,239,484,105,117,222,945,1082,2027,135,111,246,1185,1310,2495
IARE103001,311,255,233,488,159,178,337,164,177,341,182,143,325,505,498,1003
IARE103002,73,64,62,126,144,178,322,44,54,98,43,33,76,231,265,496
IARE103003,279,239,209,448,123,109,232,431,456,887,166,125,291,720,690,1410
IARE103004,182,193,175,368,198,228,426,249,298,547,106,92,198,553,618,1171
IARE103005,936,1045,995,2040,486,458,944,2024,2194,4218,496,486,982,3006,3138,6144
IARE103006,377,432,321,753,325,361,686,419,399,818,235,159,394,979,919,1898
IARE104001,1042,1109,1153,2262,228,289,517,4367,4810,9177,593,542,1135,5188,5641,10829
IARE104002,1348,1125,1023,2148,114,117,231,3414,3845,7259,795,635,1430,4323,4597,8920
IARE104003,1678,2193,1744,3937,602,541,1143,6055,5947,12002,960,876,1836,7617,7364,14981
IARE104004,1364,1747,1564,3311,657,629,1286,5265,5570,10835,763,747,1510,6685,6946,13631
IARE104005,2879,3127,3260,6387,946,1108,2054,11316,12532,23848,1660,1505,3165,13922,15145,29067
IARE104006,343,401,387,788,97,116,213,1402,1478,2880,203,170,373,1702,1764,3466
IARE104007,5950,5415,5727,11142,780,769,1549,19274,21141,40415,3316,3074,6390,23370,24984,48354
IARE104008,1387,1319,1368,2687,272,269,541,3115,3398,6513,748,727,1475,4135,4394,8529
IARE104009,943,1479,1080,2559,781,688,1469,2921,2828,5749,523,522,1045,4225,4038,8263
IARE104010,315,340,312,652,94,96,190,960,1087,2047,186,155,341,1240,1338,2578
IARE104011,4266,4923,5031,9954,1118,1226,2344,22363,23341,45704,2511,2229,4740,25992,26796,52788
IARE104012,1240,1228,1157,2385,445,469,914,5333,5889,11222,728,635,1363,6506,6993,13499
IARE104013,1904,1991,1948,3939,495,538,1033,8424,8935,17359,1118,966,2084,10037,10439,20476
IARE104014,4799,4725,4509,9234,794,799,1593,18922,19928,38850,2896,2363,5259,22612,23090,45702
IARE104015,2085,2201,2247,4448,515,524,1039,7702,8502,16204,1207,1066,2273,9424,10092,19516
IARE104016,2531,2253,2249,4502,476,515,991,7222,7782,15004,1421,1265,2686,9119,9562,18681
IARE104017,666,784,770,1554,313,337,650,2354,2599,4953,386,345,731,3053,3281,6334
IARE104018,706,728,619,1347,177,201,378,2825,2911,5736,440,338,778,3442,3450,6892
IARE104019,1608,1567,1614,3181,551,553,1104,4759,5185,9944,894,838,1732,6204,6576,12780
IARE104020,2938,2910,3200,6110,647,665,1312,8986,10219,19205,1601,1575,3176,11234,12459,23693
IARE104021,4522,4875,5242,10117,1203,1231,2434,17514,19260,36774,2521,2362,4883,21238,22853,44091
IARE105001,1560,1562,1568,3130,246,239,485,5842,6827,12669,911,779,1690,6999,7845,14844
IARE105002,383,411,339,750,124,163,287,955,930,1885,253,158,411,1332,1251,2583
IARE105003,1425,1944,1310,3254,501,369,870,5661,5443,11104,803,728,1531,6965,6540,13505
IARE105004,462,503,527,1030,128,156,284,2265,2451,4716,243,258,501,2636,2865,5501
IARE105005,175,170,165,335,76,80,156,508,471,979,106,96,202,690,647,1337
IARE105006,600,715,642,1357,113,108,221,1974,2096,4070,360,301,661,2447,2505,4952
IARE105007,475,573,540,1113,115,110,225,2215,2469,4684,278,232,510,2608,2811,5419
IARE105008,275,300,303,603,61,67,128,780,898,1678,166,124,290,1007,1089,2096
IARE105009,550,575,517,1092,200,174,374,1323,1429,2752,303,277,580,1826,1880,3706
IARE105010,492,523,514,1037,98,85,183,1417,1609,3026,297,230,527,1812,1924,3736
IARE105011,207,284,305,589,187,196,383,979,997,1976,118,118,236,1284,1311,2595
IARE105012,1642,1549,1450,2999,333,359,692,4470,4547,9017,923,832,1755,5726,5738,11464
IARE105013,367,1149,383,1532,278,88,366,1977,1470,3447,249,179,428,2504,1737,4241
IARE105014,198,254,233,487,199,228,427,582,629,1211,120,93,213,901,950,1851
IARE105015,905,1361,897,2258,291,193,484,3078,2780,5858,521,469,990,3890,3442,7332
IARE105016,1079,1064,844,1908,191,212,403,2598,2731,5329,689,469,1158,3478,3412,6890
IARE105017,272,248,266,514,129,137,266,529,608,1137,144,143,287,802,888,1690
IARE105018,1480,1396,1311,2707,450,451,901,4448,4863,9311,859,708,1567,5757,6022,11779
IARE105019,333,343,343,686,87,118,205,1220,1217,2437,174,180,354,1481,1515,2996
IARE105020,851,1027,851,1878,131,123,254,3243,3458,6701,511,422,933,3885,4003,7888
IARE105021,1378,1509,1598,3107,591,623,1214,7925,8672,16597,789,756,1545,9305,10051,19356
IARE105022,446,410,462,872,77,99,176,1381,1513,2894,253,235,488,1711,1847,3558
IARE106001,985,968,1065,2033,217,231,448,3287,3668,6955,535,528,1063,4039,4427,8466
IARE106002,1456,1363,1318,2681,384,403,787,3336,3621,6957,817,740,1557,4537,4764,9301
IARE106003,3824,3869,3454,7323,953,888,1841,9839,10336,20175,2114,1936,4050,12906,13160,26066
IARE106004,3328,2902,2289,5191,410,362,772,8830,9215,18045,1953,1515,3468,11193,11092,22285
IARE106005,2971,3376,2952,6328,491,459,950,11677,12209,23886,1707,1472,3179,13875,14140,28015
IARE107001,3795,4868,3164,8032,187,105,292,11963,10460,22423,2358,1804,4162,14508,12369,26877
IARE107002,3415,3274,3219,6493,138,133,271,25519,25399,50918,2014,1825,3839,27671,27357,55028
IARE107003,8549,10426,9447,19873,1965,1723,3688,42717,42937,85654,5107,4618,9725,49789,49278,99067
IARE107004,2908,2261,2249,4510,306,274,580,9548,10261,19809,1608,1487,3095,11462,12022,23484
IARE107005,1806,1539,1505,3044,125,119,244,4936,4863,9799,982,935,1917,6043,5917,11960
IARE107006,1542,1510,1421,2931,267,250,517,8037,8526,16563,898,789,1687,9202,9565,18767
IARE107007,5424,5391,5618,11009,1006,1108,2114,19250,20130,39380,2963,2945,5908,23219,24183,47402
IARE107008,13923,13972,13076,27048,418,439,857,44595,44108,88703,8013,7171,15184,53026,51718,104744
IARE107009,5593,7183,7121,14304,298,266,564,26712,27549,54261,3353,3196,6549,30363,31011,61374
IARE107010,2337,2055,1929,3984,354,326,680,7860,8258,16118,1336,1195,2531,9550,9779,19329
IARE107011,4172,3992,3860,7852,133,176,309,12937,13157,26094,2425,2111,4536,15495,15444,30939
IARE107012,6132,5212,5470,10682,133,177,310,39683,41084,80767,3468,3311,6779,43284,44572,87856
IARE107013,3759,3217,3201,6418,98,75,173,16375,16434,32809,2098,1910,4008,18571,18419,36990
IARE107014,3800,3681,3812,7493,146,157,303,17953,18300,36253,2150,1993,4143,20249,20450,40699
IARE107015,1843,2217,2189,4406,515,521,1036,10587,11105,21692,1094,983,2077,12196,12609,24805
IARE107016,2442,1687,1609,3296,80,97,177,5165,5889,11054,1306,1202,2508,6551,7188,13739
IARE107017,7975,7480,7499,14979,564,544,1108,25364,26273,51637,4434,4237,8671,30362,31054,61416
IARE107018,9,7,5,12,0,0,0,19,25,44,4,5,9,23,30,53
IARE107019,4560,3360,2902,6262,188,197,385,8371,9173,17544,2586,2122,4708,11145,11492,22637
IARE107020,7749,6551,6467,13018,181,182,363,30131,31157,61288,4458,3825,8283,34770,35164,69934
IARE107021,7430,6953,6253,13206,347,232,579,22208,22321,44529,4333,3640,7973,26888,26193,53081
IARE107022,5433,5917,5714,11631,1226,1266,2492,22853,24058,46911,3143,2781,5924,27222,28105,55327
IARE107023,7740,6731,5187,11918,519,353,872,18410,17663,36073,4263,3796,8059,23192,21812,45004
IARE107024,4541,3977,3740,7717,116,108,224,12131,12033,24164,2613,2224,4837,14860,14365,29225
IARE107025,5397,5081,5126,10207,375,339,714,26671,27829,54500,3200,2705,5905,30246,30873,61119
IARE107026,20151,12985,10480,23465,339,410,749,17977,19914,37891,11516,8918,20434,29832,29242,59074
IARE107027,9233,7146,6627,13773,147,150,297,23773,24618,48391,5255,4472,9727,29175,29240,58415
IARE107028,9885,6323,6371,12694,77,70,147,21669,23339,45008,5268,4934,10202,27014,28343,55357
IARE107029,1171,1197,1172,2369,234,230,464,5576,5641,11217,666,623,1289,6476,6494,12970
IARE107030,5817,5917,5773,11690,912,910,1822,26075,26494,52569,3448,2885,6333,30435,30289,60724
IARE107031,10913,6849,6570,13419,66,78,144,11966,13197,25163,5842,5301,11143,17874,18576,36450
IARE194994,1155,1958,861,2819,250,172,422,1727,1153,2880,760,420,1180,2737,1745,4482
IARE197997,4,9,0,9,0,0,0,9,0,9,7,0,7,16,0,16
IARE201001,8262,8433,8048,16481,142,156,298,24340,24929,49269,4833,4356,9189,29315,29441,58756
IARE201002,2241,2133,2148,4281,81,91,172,9697,10573,20270,1254,1173,2427,11032,11837,22869
IARE201003,2948,3261,3191,6452,153,132,285,14772,15824,30596,1726,1599,3325,16651,17555,34206
IARE201004,6688,7745,7572,15317,289,319,608,35614,36630,72244,3979,3618,7597,39882,40567,80449
IARE201005,8955,8663,8774,17437,283,284,567,32356,34150,66506,5117,4551,9668,37756,38985,76741
IARE201006,4719,5786,5393,11179,116,109,225,18297,18080,36377,2896,2497,5393,21309,20686,41995
IARE201007,2741,3268,3194,6462,127,113,240,18985,20014,38999,1740,1404,3144,20852,21531,42383
IARE201008,8541,7379,6583,13962,133,126,259,22337,23254,45591,4951,4075,9026,27421,27455,54876
IARE201009,2105,2259,2531,4790,85,94,179,13198,13650,26848,1180,1173,2353,14463,14917,29380
IARE201010,17473,13895,13984,27879,145,157,302,64204,66981,131185,9859,8770,18629,74208,75908,150116
IARE201011,6495,6545,6842,13387,183,217,400,38530,39659,78189,3765,3424,7189,42478,43300,85778
IARE201012,20602,14069,11855,25924,166,140,306,29835,34271,64106,11588,9567,21155,41589,43978,85567
IARE201013,3676,4323,3916,8239,200,167,367,14964,15353,30317,2099,1974,4073,17263,17494,34757
IARE201014,4563,4566,4290,8856,64,88,152,24675,24133,48808,2814,2226,5040,27553,26447,54000
IARE201015,9708,9069,8641,17710,214,229,443,26459,27893,54352,5539,4949,10488,32212,33071,65283
IARE201016,5347,4713,5424,10137,220,200,420,16569,17777,34346,2827,2869,5696,19616,20846,40462
IARE201017,10511,10607,9988,20595,430,480,910,36907,39223,76130,6167,5311,11478,43504,45014,88518
IARE201018,4106,3955,4030,7985,67,64,131,21175,22199,43374,2385,2087,4472,23627,24350,47977
IARE201019,9062,9190,8253,17443,352,324,676,32066,32867,64933,5155,4674,9829,37573,37865,75438
IARE201020,3849,3870,3798,7668,173,230,403,18477,19892,38369,2275,1952,4227,20925,22074,42999
IARE202001,3099,3108,3315,6423,240,288,528,12808,14023,26831,1707,1638,3345,14755,15949,30704
IARE202002,1063,1252,1216,2468,92,100,192,5053,5700,10753,639,538,1177,5784,6338,12122
IARE202003,2873,3083,3166,6249,296,320,616,12232,13734,25966,1653,1459,3112,14181,15513,29694
IARE202004,4413,4785,4573,9358,674,709,1383,14619,15261,29880,2472,2338,4810,17765,18308,36073
IARE202005,2042,2582,2279,4861,152,135,287,6974,7207,14181,1129,1068,2197,8255,8410,16665
IARE202006,6078,6898,6203,13101,426,449,875,26767,27869,54636,3500,3112,6612,30693,31430,62123
IARE202007,2543,3555,2658,6213,450,412,862,9567,9479,19046,1461,1285,2746,11478,11176,22654
IARE202008,2587,2532,2598,5130,222,223,445,8357,9141,17498,1461,1332,2793,10040,10696,20736
IARE202009,1981,1953,1867,3820,99,86,185,9118,9578,18696,1110,1038,2148,10327,10702,21029
IARE202010,1852,1917,2017,3934,359,438,797,6027,6365,12392,1054,976,2030,7440,7779,15219
IARE202011,2016,1901,2000,3901,84,95,179,5795,6563,12358,1082,1058,2140,6961,7716,14677
IARE202012,3207,3891,3413,7304,205,205,410,14332,14605,28937,1814,1701,3515,16351,16511,32862
IARE202013,1034,1031,1071,2102,131,141,272,4043,4367,8410,583,537,1120,4757,5045,9802
IARE202014,786,850,817,1667,176,192,368,2289,2320,4609,431,423,854,2896,2935,5831
IARE202015,1468,1419,1387,2806,76,82,158,4635,4960,9595,816,749,1565,5527,5791,11318
IARE202016,1401,1224,1223,2447,85,88,173,4382,4636,9018,759,726,1485,5226,5450,10676
IARE202017,1090,1157,1182,2339,111,109,220,3968,4487,8455,627,547,1174,4706,5143,9849
IARE202018,1297,1441,1430,2871,105,123,228,5143,5543,10686,777,641,1418,6025,6307,12332
IARE202019,2323,2850,2611,5461,269,300,569,11793,12677,24470,1395,1161,2556,13457,14138,27595
IARE294994,667,1183,653,1836,89,64,153,1238,959,2197,398,293,691,1725,1316,3041
IARE297997,3,3,0,3,0,0,0,0,0,0,3,0,3,3,0,3
IARE301001,1090,1135,1005,2140,172,190,362,3863,4206,8069,632,536,1168,4667,4932,9599
IARE301002,37736,35016,30156,65172,3014,2832,5846,136227,143483,279710,22207,18000,40207,161448,164315,325763
IARE301003,6698,6326,5590,11916,1024,983,2007,17428,18654,36082,3671,3362,7033,22123,22999,45122
IARE301004,3320,3072,3088,6160,341,324,665,10836,11835,22671,1850,1681,3531,13027,13840,26867
IARE301005,720,765,677,1442,127,116,243,2283,2447,4730,433,347,780,2843,2910,5753
IARE301006,1702,1513,1370,2883,213,243,456,4013,4583,8596,965,830,1795,5191,5656,10847
IARE301007,25828,19839,19286,39125,1192,1319,2511,56648,61973,118621,14115,12737,26852,71955,76029,147984
IARE301008,5973,6390,5532,11922,1383,1364,2747,20131,21069,41200,3470,2947,6417,24984,25380,50364
IARE301009,10606,10279,9893,20172,1579,1662,3241,33572,35610,69182,6035,5502,11537,41186,42774,83960
IARE301010,4978,4799,4245,9044,530,533,1063,17827,20167,37994,2985,2330,5315,21342,23030,44372
IARE301011,1882,1626,1603,3229,104,118,222,4943,5500,10443,1073,912,1985,6120,6530,12650
IARE301012,3706,3832,3628,7460,506,535,1041,21260,22736,43996,2234,1816,4050,24000,25087,49087
IARE301013,2052,1908,1894,3802,231,243,474,5447,6067,11514,1183,985,2168,6861,7295,14156
IARE301014,3484,3535,3517,7052,494,545,1039,16285,17372,33657,2014,1777,3791,18793,19694,38487
IARE302001,328,441,512,953,155,154,309,1110,1401,2511,204,174,378,1469,1729,3198
IARE302002,8387,7020,6358,13378,2495,2699,5194,14100,15893,29993,4694,4021,8715,21289,22613,43902
IARE302003,794,611,497,1108,129,147,276,818,842,1660,460,353,813,1407,1342,2749
IARE302004,279,225,191,416,85,76,161,461,523,984,162,135,297,708,734,1442
IARE302005,265,286,256,542,65,76,141,634,700,1334,158,110,268,857,886,1743
IARE302006,254,308,201,509,156,182,338,449,476,925,168,100,268,773,758,1531
IARE302007,635,748,635,1383,313,333,646,1655,1695,3350,405,311,716,2373,2339,4712
IARE302008,675,1158,526,1684,575,192,767,1328,1385,2713,415,297,712,2318,1874,4192
IARE302009,319,356,357,713,205,229,434,600,716,1316,179,155,334,984,1100,2084
IARE302010,44,37,34,71,35,27,62,41,53,94,25,22,47,101,102,203
IARE302011,5,30,27,57,313,350,663,3,3,6,8,3,11,324,356,680
IARE303001,3,29,19,48,173,161,334,3,5,8,3,0,3,179,166,345
IARE303002,144,597,94,691,62,83,145,555,116,671,99,54,153,716,253,969
IARE303003,89,89,69,158,60,61,121,122,109,231,53,44,97,235,214,449
IARE303004,11,22,15,37,127,141,268,0,3,3,11,0,11,138,144,282
IARE303005,3,11,6,17,112,109,221,3,7,10,3,0,3,118,116,234
IARE303006,6,16,13,29,54,70,124,3,3,6,3,3,6,60,76,136
IARE303007,291,238,191,429,273,299,572,280,289,569,175,134,309,728,722,1450
IARE303008,27,75,72,147,344,365,709,32,26,58,16,11,27,392,402,794
IARE303009,3,7,4,11,68,67,135,6,3,9,3,0,3,77,70,147
IARE304001,58,86,62,148,61,43,104,127,149,276,36,26,62,224,218,442
IARE304002,315,304,258,562,480,453,933,105,105,210,190,131,321,775,689,1464
IARE304003,408,381,186,567,96,133,229,272,279,551,306,128,434,674,540,1214
IARE304004,2565,1879,1424,3303,568,603,1171,1776,1723,3499,1504,1126,2630,3848,3452,7300
IARE305001,473,487,396,883,88,118,206,1532,1589,3121,308,216,524,1928,1923,3851
IARE305002,365,347,339,686,97,128,225,858,980,1838,207,176,383,1162,1284,2446
IARE305003,3320,3282,3130,6412,595,656,1251,9282,10023,19305,1880,1650,3530,11757,12329,24086
IARE305004,2013,1739,1086,2825,323,299,622,3150,3130,6280,1327,779,2106,4800,4208,9008
IARE305005,3067,3746,3267,7013,809,728,1537,9902,10813,20715,1772,1522,3294,12483,13063,25546
IARE305006,3389,2730,2194,4924,360,390,750,6156,6489,12645,2023,1495,3518,8539,8374,16913
IARE305007,1934,1684,787,2471,104,96,200,2451,2444,4895,1444,554,1998,3999,3094,7093
IARE305008,483,482,429,911,104,116,220,911,1033,1944,268,240,508,1283,1389,2672
IARE305009,5902,5548,4510,10058,1270,1230,2500,11863,12421,24284,3476,2685,6161,16609,16336,32945
IARE306001,214,227,169,396,136,150,286,361,433,794,151,78,229,648,661,1309
IARE306002,64,74,36,110,28,27,55,131,123,254,50,14,64,209,164,373
IARE306003,12,15,11,26,184,167,351,0,0,0,7,5,12,191,172,363
IARE306004,1493,1563,1558,3121,268,234,502,4465,4902,9367,839,748,1587,5572,5884,11456
IARE306005,924,644,612,1256,115,127,242,1128,1141,2269,492,450,942,1735,1718,3453
IARE306006,879,787,805,1592,147,164,311,2118,2313,4431,486,459,945,2751,2936,5687
IARE306007,402,443,312,755,103,90,193,998,914,1912,251,178,429,1352,1182,2534
IARE306008,934,737,607,1344,167,170,337,1192,1191,2383,556,417,973,1915,1778,3693
IARE306009,138,122,128,250,86,78,164,273,341,614,79,72,151,438,491,929
IARE306010,245,230,207,437,95,108,203,421,415,836,150,107,257,666,630,1296
IARE306011,538,510,485,995,80,78,158,1235,1437,2672,302,281,583,1617,1796,3413
IARE306012,66,86,69,155,79,114,193,79,99,178,42,24,66,200,237,437
IARE306013,499,590,504,1094,136,120,256,2038,2166,4204,311,232,543,2485,2518,5003
IARE306014,662,727,756,1483,170,165,335,2525,2754,5279,393,335,728,3088,3254,6342
IARE306015,3408,3212,3382,6594,702,853,1555,11843,13054,24897,1887,1772,3659,14432,15679,30111
IARE306016,742,670,642,1312,117,133,250,3060,3219,6279,426,362,788,3603,3714,7317
IARE306017,514,503,490,993,93,91,184,2106,2309,4415,305,248,553,2504,2648,5152
IARE306018,920,891,658,1549,137,154,291,2142,2195,4337,619,351,970,2898,2700,5598
IARE307001,266,264,244,508,451,444,895,80,105,185,155,131,286,686,680,1366
IARE307002,12,67,46,113,140,128,268,23,18,41,8,4,12,171,150,321
IARE307003,9,13,11,24,228,211,439,9,5,14,5,4,9,242,220,462
IARE307004,12,25,25,50,161,152,313,6,0,6,8,4,12,175,156,331
IARE307005,8,28,23,51,126,110,236,6,3,9,11,0,11,143,113,256
IARE308001,1211,980,667,1647,150,135,285,1123,1024,2147,756,483,1239,2029,1642,3671
IARE308002,640,673,600,1273,175,178,353,1727,1808,3535,383,288,671,2285,2274,4559
IARE308003,436,416,356,772,185,182,367,831,944,1775,276,186,462,1292,1312,2604
IARE308004,322,321,211,532,33,44,77,639,670,1309,209,123,332,881,837,1718
IARE308005,326,379,344,723,137,114,251,1077,1141,2218,205,159,364,1419,1414,2833
IARE308006,4044,3882,2451,6333,638,702,1340,8353,8774,17127,2843,1376,4219,11834,10852,22686
IARE308007,572,611,322,933,77,79,156,1373,1398,2771,431,166,597,1881,1643,3524
IARE308008,322,367,179,546,42,52,94,872,900,1772,254,89,343,1168,1041,2209
IARE308009,15,34,31,65,317,282,599,6,5,11,6,9,15,329,296,625
IARE308010,1670,1258,890,2148,94,104,198,1592,1745,3337,1029,667,1696,2715,2516,5231
IARE308011,631,617,386,1003,114,110,224,1109,1218,2327,462,199,661,1685,1527,3212
IARE308012,2711,2369,2106,4475,972,1000,1972,7442,8444,15886,1600,1304,2904,10014,10748,20762
IARE308013,5345,4343,3684,8027,989,1134,2123,10837,12185,23022,3138,2398,5536,14964,15717,30681
IARE308014,718,1084,584,1668,407,155,562,1375,1335,2710,432,326,758,2214,1816,4030
IARE308015,376,398,341,739,116,146,262,830,878,1708,223,185,408,1169,1209,2378
IARE394994,1080,1296,650,1946,165,139,304,859,708,1567,729,363,1092,1753,1210,2963
IARE397997,67,52,35,87,0,0,0,36,28,64,43,24,67,79,52,131
IARE401001,2394,2129,1524,3653,120,74,194,6989,7325,14314,1443,1035,2478,8552,8434,16986
IARE401002,1303,1462,1390,2852,90,90,180,8865,9512,18377,811,643,1454,9766,10245,20011
IARE401003,1009,1054,1004,2058,94,96,190,4987,5232,10219,587,506,1093,5668,5834,11502
IARE401004,362,378,407,785,82,111,193,1162,1250,2412,215,176,391,1459,1537,2996
IARE401005,2178,2250,2282,4532,112,95,207,10945,11460,22405,1275,1144,2419,12332,12699,25031
IARE401006,2941,3390,3329,6719,265,275,540,12170,12869,25039,1761,1487,3248,14196,14631,28827
IARE401007,1499,1341,1411,2752,106,117,223,4138,4799,8937,831,750,1581,5075,5666,10741
IARE401008,641,637,694,1331,63,77,140,2708,3066,5774,348,351,699,3119,3494,6613
IARE401009,2819,2660,2890,5550,137,132,269,10327,11527,21854,1603,1421,3024,12067,13080,25147
IARE401010,609,815,591,1406,107,89,196,2134,2122,4256,363,290,653,2604,2501,5105
IARE401011,2016,2140,2193,4333,192,185,377,9868,10705,20573,1144,1071,2215,11204,11961,23165
IARE401012,710,1096,732,1828,263,189,452,2257,2237,4494,412,334,746,2932,2760,5692
IARE401013,372,366,305,671,69,73,142,836,902,1738,225,160,385,1130,1135,2265
IARE401014,3847,4178,4241,8419,488,515,1003,18975,20592,39567,2245,1989,4234,21708,23096,44804
IARE401015,2698,3113,2990,6103,530,506,1036,9864,10554,20418,1563,1442,3005,11957,12502,24459
IARE401016,3834,4802,4171,8973,675,589,1264,14187,14413,28600,2261,1883,4144,17123,16885,34008
IARE401017,405,372,369,741,31,35,66,1020,1070,2090,221,209,430,1272,1314,2586
IARE401018,4304,4592,4523,9115,468,515,983,15698,16462,32160,2519,2194,4713,18685,19171,37856
IARE401019,1273,1902,1739,3641,257,243,500,7403,7888,15291,781,631,1412,8441,8762,17203
IARE401020,1844,2100,2291,4391,173,175,348,11630,12383,24013,1079,966,2045,12882,13524,26406
IARE401021,3477,3120,3342,6462,118,157,275,19039,20894,39933,1978,1786,3764,21135,22837,43972
IARE401022,412,440,428,868,31,33,64,1654,1852,3506,263,208,471,1948,2093,4041
IARE401023,543,700,680,1380,120,148,268,2380,2536,4916,316,280,596,2816,2964,5780
IARE402001,24,67,66,133,341,337,678,17,27,44,14,13,27,372,377,749
IARE402002,132,145,113,258,49,50,99,122,116,238,77,59,136,248,225,473
IARE402003,772,636,304,940,83,79,162,778,718,1496,568,224,792,1429,1021,2450
IARE402004,847,1065,1017,2082,193,231,424,3573,3722,7295,503,430,933,4269,4383,8652
IARE402005,927,1181,841,2022,550,441,991,1311,1232,2543,518,446,964,2379,2119,4498
IARE402006,967,961,904,1865,174,200,374,2495,2675,5170,569,465,1034,3238,3340,6578
IARE403001,101,119,119,238,129,177,306,270,281,551,60,47,107,459,505,964
IARE403002,436,651,554,1205,173,169,342,1795,1832,3627,266,207,473,2234,2208,4442
IARE403003,404,485,445,930,160,168,328,1420,1648,3068,244,196,440,1824,2012,3836
IARE494994,183,301,159,460,34,32,66,331,245,576,116,70,186,481,347,828
IARE497997,0,0,0,0,0,0,0,0,0,0,0,0,0,0,0,0
IARE501001,1127,1076,805,1881,604,563,1167,1047,1157,2204,623,529,1152,2274,2249,4523
IARE501002,31,57,54,111,261,262,523,37,26,63,17,14,31,315,302,617
IARE502001,442,363,360,723,211,220,431,397,415,812,220,231,451,828,866,1694
IARE502002,159,166,84,250,84,79,163,64,49,113,117,48,165,265,176,441
IARE502003,236,246,176,422,68,75,143,541,536,1077,152,99,251,761,710,1471
IARE502004,1290,1661,1320,2981,821,716,1537,3717,4039,7756,771,629,1400,5309,5384,10693
IARE502005,361,384,268,652,73,68,141,786,784,1570,249,131,380,1108,983,2091
IARE502006,192,175,127,302,92,114,206,41,33,74,126,69,195,259,216,475
IARE502007,110,95,77,172,43,31,74,89,82,171,59,56,115,191,169,360
IARE503001,758,692,590,1282,128,159,287,1670,1748,3418,461,333,794,2259,2240,4499
IARE503002,554,470,301,771,111,110,221,457,502,959,359,212,571,927,824,1751
IARE503003,3008,2352,1802,4154,413,399,812,3172,3189,6361,1777,1324,3101,5362,4912,10274
IARE503004,143,155,68,223,190,136,326,40,40,80,108,35,143,338,211,549
IARE503005,502,481,214,695,63,82,145,224,176,400,382,120,502,669,378,1047
IARE503006,0,19,18,37,56,63,119,15,6,21,0,0,0,71,69,140
IARE503007,136,112,43,155,37,27,64,47,22,69,100,36,136,184,85,269
IARE504001,77,87,22,109,84,76,160,19,5,24,66,14,80,169,95,264
IARE504002,31,76,41,117,208,182,390,24,13,37,26,8,34,258,203,461
IARE504003,24,39,39,78,167,203,370,21,29,50,13,11,24,201,243,444
IARE504004,0,21,18,39,75,70,145,0,0,0,0,0,0,75,70,145
IARE504005,21,22,22,44,65,81,146,3,3,6,12,9,21,80,93,173
IARE504006,352,328,269,597,259,276,535,269,313,582,213,151,364,741,740,1481
IARE504007,58,63,42,105,52,49,101,74,87,161,33,28,61,159,164,323
IARE504008,70,66,59,125,64,86,150,26,33,59,42,35,77,132,154,286
IARE505001,2818,2553,2377,4930,325,365,690,7114,7404,14518,1592,1362,2954,9031,9131,18162
IARE505002,520,497,499,996,86,65,151,1582,1614,3196,306,248,554,1974,1927,3901
IARE505003,2517,2386,1906,4292,159,167,326,6643,6908,13551,1556,1099,2655,8358,8174,16532
IARE505004,2094,1829,1585,3414,206,212,418,3700,3806,7506,1225,976,2201,5131,4994,10125
IARE505005,3053,2810,2397,5207,183,159,342,12401,12441,24842,1889,1384,3273,14473,13984,28457
IARE505006,2972,2991,2697,5688,347,336,683,10753,11229,21982,1765,1417,3182,12865,12982,25847
IARE505007,1475,1279,1168,2447,91,98,189,3670,4133,7803,863,715,1578,4624,4946,9570
IARE505008,4857,5193,3998,9191,691,500,1191,13757,13488,27245,2790,2332,5122,17238,16320,33558
IARE505009,4016,3914,3635,7549,187,192,379,19945,20868,40813,2452,1896,4348,22584,22956,45540
IARE505010,2132,1833,1652,3485,174,210,384,6230,6449,12679,1231,1010,2241,7635,7669,15304
IARE505011,1744,2091,1339,3430,448,155,603,3543,3405,6948,997,849,1846,4988,4409,9397
IARE505012,2864,2679,2577,5256,118,124,242,13106,13830,26936,1718,1378,3096,14942,15332,30274
IARE505013,1524,2681,1256,3937,541,155,696,5469,4726,10195,853,763,1616,6863,5644,12507
IARE505014,8108,5772,4870,10642,117,131,248,16370,17351,33721,4673,3672,8345,21160,21154,42314
IARE505015,4504,3968,3448,7416,340,396,736,12253,13312,25565,2702,2047,4749,15295,15755,31050
IARE505016,531,776,455,1231,72,60,132,2379,2334,4713,333,248,581,2784,2642,5426
IARE505017,4115,3231,2960,6191,205,198,403,9361,9803,19164,2402,1825,4227,11968,11826,23794
IARE505018,10111,8495,7729,16224,472,470,942,24269,25816,50085,5882,4689,10571,30623,30975,61598
IARE505019,4347,4142,3934,8076,623,768,1391,13501,13788,27289,2514,2119,4633,16638,16675,33313
IARE505020,3007,3206,2956,6162,281,280,561,12785,13457,26242,1800,1479,3279,14866,15216,30082
IARE505021,2866,2357,2233,4590,196,216,412,7340,7737,15077,1612,1397,3009,9148,9350,18498
IARE506001,2069,1780,661,2441,376,343,719,606,536,1142,1590,499,2089,2572,1378,3950
IARE506002,1480,1294,447,1741,156,132,288,983,874,1857,1146,355,1501,2285,1361,3646
IARE506003,2849,1988,1156,3144,162,147,309,1467,1326,2793,1829,1043,2872,3458,2516,5974
IARE506004,2668,1920,1248,3168,360,377,737,1043,1003,2046,1668,1043,2711,3071,2423,5494
IARE506005,1361,1317,421,1738,337,184,521,378,308,686,1034,332,1366,1749,824,2573
IARE507001,933,1327,906,2233,323,193,516,3918,3995,7913,577,445,1022,4818,4633,9451
IARE507002,910,916,726,1642,208,197,405,2168,2231,4399,552,419,971,2928,2847,5775
IARE507003,1524,1651,1292,2943,235,205,440,3187,3314,6501,858,739,1597,4280,4258,8538
IARE507004,1108,981,953,1934,111,120,231,3357,3546,6903,628,541,1169,4096,4207,8303
IARE507005,371,374,280,654,70,77,147,892,808,1700,249,154,403,1211,1039,2250
IARE507006,1061,903,843,1746,105,88,193,2822,2868,5690,583,529,1112,3510,3485,6995
IARE507007,257,291,221,512,65,78,143,687,775,1462,175,97,272,927,950,1877
IARE507008,206,277,201,478,90,81,171,673,712,1385,130,84,214,893,877,1770
IARE507009,3623,3225,2983,6208,266,285,551,7664,8479,16143,2112,1668,3780,10042,10432,20474
IARE507010,680,745,620,1365,100,89,189,2165,2256,4421,400,334,734,2665,2679,5344
IARE507011,866,753,574,1327,96,132,228,1559,1597,3156,529,360,889,2184,2089,4273
IARE507012,824,827,516,1343,101,92,193,1484,1558,3042,587,277,864,2172,1927,4099
IARE507013,347,476,463,939,195,185,380,1573,1695,3268,201,178,379,1969,2058,4027
IARE507014,509,408,391,799,103,100,203,641,704,1345,269,267,536,1013,1071,2084
IARE507015,2460,2347,1947,4294,244,251,495,6974,7310,14284,1527,1068,2595,8745,8629,17374
IARE508001,547,365,322,687,185,207,392,151,161,312,289,258,547,625,626,1251
IARE508002,42,66,60,126,157,175,332,41,25,66,20,28,48,218,228,446
IARE508003,0,54,56,110,206,196,402,0,3,3,0,0,0,206,199,405
IARE508004,61,1450,26,1476,108,112,220,1402,18,1420,51,10,61,1561,140,1701
IARE594994,675,918,456,1374,151,125,276,588,405,993,471,210,681,1210,740,1950
IARE597997,59,58,5,63,0,0,0,20,0,20,54,5,59,74,5,79
IARE601001,1302,1566,1712,3278,460,496,956,4853,5357,10210,760,684,1444,6073,6537,12610
IARE601002,738,1095,878,1973,232,216,448,3387,3359,6746,440,372,812,4059,3947,8006
IARE601003,5043,5547,5272,10819,1008,1041,2049,19601,20454,40055,2900,2548,5448,23509,24043,47552
IARE601004,309,457,402,859,226,240,466,1522,1596,3118,204,153,357,1952,1989,3941
IARE601005,705,771,815,1586,212,197,409,4215,4544,8759,404,393,797,4831,5134,9965
IARE601006,1851,1973,2064,4037,381,420,801,7814,8191,16005,1015,984,1999,9210,9595,18805
IARE601007,482,599,633,1232,143,144,287,2815,2978,5793,279,266,545,3237,3388,6625
IARE601008,592,713,670,1383,161,197,358,1971,2138,4109,361,294,655,2493,2629,5122
IARE601009,618,663,648,1311,165,140,305,1888,2024,3912,334,325,659,2387,2489,4876
IARE601010,1342,1656,1573,3229,636,638,1274,4919,5360,10279,800,667,1467,6355,6665,13020
IARE601011,769,897,851,1748,162,135,297,3715,4076,7791,469,381,850,4346,4592,8938
IARE694994,56,112,50,162,26,5,31,115,108,223,39,20,59,180,133,313
IARE697997,5,5,3,8,3,0,3,0,6,6,5,0,5,8,6,14
IARE701001,1726,1520,1297,2817,809,884,1693,2292,2509,4801,1041,765,1806,4142,4158,8300
IARE701002,0,33,53,86,120,130,250,3,0,3,0,0,0,123,130,253
IARE702001,44,623,93,716,720,254,974,53,9,62,30,17,47,803,280,1083
IARE702002,5,41,34,75,84,83,167,3,0,3,5,0,5,92,83,175
IARE702003,8,27,23,50,107,116,223,11,9,20,5,6,11,123,131,254
IARE702004,42,35,23,58,24,21,45,3,0,3,26,16,42,53,37,90
IARE702005,10,83,99,182,109,117,226,9,12,21,3,7,10,121,136,257
IARE702006,0,5,9,14,34,44,78,0,4,4,0,0,0,34,48,82
IARE702007,6,35,40,75,89,96,185,9,10,19,3,3,6,101,109,210
IARE702008,31,53,55,108,52,72,124,21,17,38,18,16,34,91,105,196
IARE702009,165,135,98,233,60,61,121,67,84,151,98,67,165,225,212,437
IARE702010,34,46,29,75,45,44,89,12,3,15,29,5,34,86,52,138
IARE702011,4,61,72,133,93,93,186,0,3,3,4,0,4,97,96,193
IARE702012,3,41,32,73,107,118,225,3,0,3,0,6,6,110,124,234
IARE702013,7,13,11,24,48,57,105,0,7,7,4,3,7,52,67,119
IARE702014,3,34,45,79,81,95,176,0,9,9,0,3,3,81,107,188
IARE702015,3,13,8,21,39,28,67,0,0,0,3,0,3,42,28,70
IARE702016,0,4,7,11,35,31,66,3,0,3,0,0,0,38,31,69
IARE702017,3,40,45,85,96,93,189,6,13,19,3,3,6,105,109,214
IARE703001,400,301,263,564,63,61,124,773,679,1452,221,199,420,1057,939,1996
IARE703002,489,332,299,631,134,112,246,544,581,1125,264,241,505,942,934,1876
IARE703003,392,306,256,562,93,79,172,380,460,840,229,183,412,702,722,1424
IARE703004,213,205,126,331,94,103,197,132,120,252,133,86,219,359,309,668
IARE703005,1929,1493,947,2440,189,188,377,1569,1845,3414,1224,736,1960,2982,2769,5751
IARE703006,312,312,237,549,178,207,385,539,557,1096,203,140,343,920,904,1824
IARE703007,2154,1485,1133,2618,258,276,534,1881,1996,3877,1269,932,2201,3408,3204,6612
IARE703008,390,293,249,542,98,120,218,324,371,695,220,188,408,642,679,1321
IARE703009,320,1523,346,1869,546,105,651,1148,517,1665,188,143,331,1882,765,2647
IARE703010,315,260,201,461,99,74,173,446,503,949,183,141,324,728,718,1446
IARE703011,459,390,322,712,130,120,250,699,722,1421,262,203,465,1091,1045,2136
IARE703012,839,617,463,1080,53,60,113,726,787,1513,500,353,853,1279,1200,2479
IARE703013,2063,1484,1394,2878,602,646,1248,2865,3283,6148,1122,1032,2154,4589,4961,9550
IARE703014,691,521,430,951,125,123,248,1075,1149,2224,387,328,715,1587,1600,3187
IARE704001,55,91,48,139,217,179,396,78,60,138,36,19,55,331,258,589
IARE704002,204,165,104,269,92,82,174,127,115,242,128,84,212,347,281,628
IARE704003,16,83,56,139,394,348,742,22,29,51,13,3,16,429,380,809
IARE704004,11,57,58,115,376,346,722,19,22,41,8,3,11,403,371,774
IARE704005,11,61,49,110,343,330,673,4,15,19,6,5,11,353,350,703
IARE704006,16,68,58,126,390,382,772,25,24,49,14,5,19,429,411,840
IARE705001,13,111,112,223,169,166,335,18,13,31,8,5,13,195,184,379
IARE705002,7,25,27,52,81,83,164,12,5,17,4,3,7,97,91,188
IARE705003,28,76,81,157,225,246,471,34,51,85,19,9,28,278,306,584
IARE705004,13,99,83,182,238,250,488,27,15,42,9,4,13,274,269,543
IARE705005,706,601,510,1111,420,401,821,741,827,1568,401,336,737,1562,1564,3126
IARE705006,20,26,34,60,106,119,225,6,3,9,7,13,20,119,135,254
IARE705007,12,24,30,54,158,183,341,6,3,9,8,7,15,172,193,365
IARE705008,14,81,54,135,65,82,147,58,32,90,8,6,14,131,120,251
IARE705009,8,21,18,39,88,82,170,10,10,20,4,4,8,102,96,198
IARE706001,52,95,62,157,256,244,500,113,102,215,44,13,57,413,359,772
IARE706002,4,65,49,114,198,146,344,0,4,4,4,0,4,202,150,352
IARE706003,7,21,19,40,115,119,234,0,0,0,3,4,7,118,123,241
IARE706004,6,96,79,175,447,427,874,20,30,50,10,3,13,477,460,937
IARE706005,265,189,168,357,98,93,191,501,520,1021,151,130,281,750,743,1493
IARE706006,12,45,41,86,110,115,225,4,3,7,6,9,15,120,127,247
IARE706007,10,25,23,48,337,328,665,17,4,21,7,9,16,361,341,702
IARE706008,0,50,65,115,117,126,243,18,34,52,0,0,0,135,160,295
IARE707001,5,23,21,44,84,71,155,4,4,8,0,5,5,88,80,168
IARE707002,0,7,3,10,48,46,94,0,3,3,0,0,0,48,49,97
IARE707003,73,67,61,128,75,83,158,20,12,32,38,35,73,133,130,263
IARE707004,12,26,26,52,56,49,105,8,8,16,7,5,12,71,62,133
IARE707005,215,306,289,595,363,314,677,104,136,240,111,112,223,578,562,1140
IARE707006,0,10,8,18,66,90,156,6,0,6,0,0,0,72,90,162
IARE794994,207,162,116,278,16,20,36,83,77,160,129,78,207,228,175,403
IARE797997,10,7,3,10,0,0,0,0,3,3,7,3,10,7,6,13
IARE801001,6969,5602,4972,10574,488,464,952,27817,28342,56159,4102,3294,7396,32407,32100,64507
IARE801002,4263,4272,3559,7831,620,626,1246,21850,22288,44138,2564,2018,4582,25034,24932,49966
IARE801003,17,22,15,37,3,0,3,91,83,174,9,8,17,103,91,194
IARE894994,31,45,19,64,6,3,9,85,68,153,23,8,31,114,79,193
IARE897997,0,0,0,0,0,0,0,0,0,0,0,0,0,0,0,0
IARE901001,67,814,70,884,3,0,3,888,155,1043,38,35,73,929,190,1119
IARE901002,3,24,12,36,0,0,0,68,54,122,6,9,15,74,63,137
IARE902001,14,14,9,23,37,46,83,22,10,32,10,4,14,69,60,129
IARE994994,3,0,3,3,0,0,0,3,3,6,0,3,3,3,6,9
IARE997997,0,0,0,0,3,0,3,0,0,0,0,0,0,3,0,3
