region_id,T_EI_ns_IndSt_nsP,T_EI_ns_TotM,T_EI_ns_TotF,T_EI_ns_TotP,Tot_Indig_M,Tot_Indig_F,Tot_Indig_P,Tot_NonInd_M,Tot_NonInd_F,Tot_NonInd_P,Tot_IndigStat_nsM,Tot_IndigStat_nsF,Tot_IndigStat_nsP,Tot_TotM,Tot_TotF,Tot_TotP
ILOC10100101,151,137,133,270,81,86,167,295,278,573,83,75,158,459,439,898
ILOC10100201,323,397,425,822,402,504,906,1387,1581,2968,193,179,372,1982,2264,4246
ILOC10100202,176,160,147,307,76,85,161,266,350,616,99,91,190,441,526,967
ILOC10100203,231,254,244,498,157,141,298,789,908,1697,144,111,255,1090,1160,2250
ILOC10100204,351,288,242,530,88,79,167,875,848,1723,200,174,374,1163,1101,2264
ILOC10100205,160,219,226,445,270,257,527,686,725,1411,98,87,185,1054,1069,2123
ILOC10100301,174,163,177,340,111,106,217,371,464,835,91,98,189,573,668,1241
ILOC10100401,110,110,143,253,192,166,358,275,357,632,62,57,119,529,580,1109
ILOC10100402,82,65,61,126,34,45,79,216,209,425,47,38,85,297,292,589
ILOC10100403,21,36,41,77,42,48,90,61,89,150,14,7,21,117,144,261
ILOC10100501,449,426,435,861,175,167,342,1074,1202,2276,250,221,471,1499,1590,3089
ILOC10100502,183,161,158,319,42,52,94,420,448,868,106,90,196,568,590,1158
ILOC10100503,25,40,25,65,41,47,88,54,70,124,16,9,25,111,126,237
ILOC10100601,69,100,92,192,54,91,145,220,281,501,47,30,77,321,402,723
ILOC10100701,127,128,115,243,103,90,193,230,263,493,72,64,136,405,417,822
ILOC10100702,201,242,190,432,91,80,171,651,626,1277,120,94,214,862,800,1662
ILOC10100801,194,204,217,421,249,212,461,327,348,675,104,97,201,680,657,1337
ILOC10100802,114,541,149,690,314,91,405,568,457,1025,70,56,126,952,604,1556
ILOC10200101,1074,821,938,1759,313,377,690,3722,4104,7826,544,606,1150,4579,5087,9666
ILOC10200201,256,404,281,685,125,108,233,960,995,1955,158,123,281,1243,1226,2469
ILOC10200301,300,334,342,676,229,218,447,679,812,1491,169,151,320,1077,1181,2258
ILOC10200302,163,149,137,286,54,45,99,478,493,971,99,81,180,631,619,1250
ILOC10200401,149,147,151,298,53,60,113,447,468,915,94,77,171,594,605,1199
ILOC10200402,12,20,13,33,39,35,74,33,33,66,9,3,12,81,71,152
ILOC10200501,64,127,114,241,39,43,82,497,494,991,45,33,78,581,570,1151
ILOC10200502,399,543,581,1124,225,212,437,1793,2018,3811,272,186,458,2290,2416,4706
ILOC10200601,142,159,129,288,26,33,59,363,398,761,88,68,156,477,499,976
ILOC10200602,51,106,101,207,73,85,158,262,263,525,33,24,57,368,372,740
ILOC10200603,0,0,0,0,17,9,26,0,0,0,0,0,0,17,9,26
ILOC10200604,25,35,46,81,43,39,82,115,121,236,12,18,30,170,178,348
ILOC10200701,182,171,139,310,62,68,130,220,245,465,113,76,189,395,389,784
ILOC10200702,415,297,307,604,175,185,360,223,207,430,200,224,424,598,616,1214
ILOC10200703,66,50,50,100,50,34,84,144,159,303,33,36,69,227,229,456
ILOC10200704,54,38,34,72,58,67,125,13,7,20,30,27,57,101,101,202
ILOC10200801,3,9,9,18,73,67,140,24,17,41,3,3,6,100,87,187
ILOC10200802,115,147,95,242,38,47,85,467,438,905,85,42,127,590,527,1117
ILOC10200803,20,17,33,50,18,41,59,39,45,84,8,12,20,65,98,163
ILOC10200804,0,11,6,17,45,42,87,14,13,27,0,0,0,59,55,114
ILOC10200901,482,462,450,912,131,142,273,1274,1317,2591,278,242,520,1683,1701,3384
ILOC10200902,229,459,166,625,72,22,94,722,529,1251,129,118,247,923,669,1592
ILOC10201001,174,200,216,416,109,127,236,499,558,1057,89,92,181,697,777,1474
ILOC10201002,217,244,211,455,90,91,181,628,709,1337,130,105,235,848,905,1753
ILOC10201003,86,71,70,141,63,63,126,134,142,276,44,42,86,241,247,488
ILOC10201101,1534,1471,1440,2911,757,779,1536,4270,4312,8582,822,797,1619,5849,5888,11737
ILOC10201102,402,481,454,935,207,224,431,1884,2037,3921,231,214,445,2322,2475,4797
ILOC10201201,0,3,0,3,17,16,33,0,0,0,0,0,0,17,16,33
ILOC10201202,299,301,263,564,69,79,148,617,763,1380,186,134,320,872,976,1848
ILOC10201301,435,425,462,887,126,108,234,1497,1604,3101,225,239,464,1848,1951,3799
ILOC10201401,169,152,137,289,54,67,121,655,712,1367,100,89,189,809,868,1677
ILOC10201402,55,94,98,192,54,50,104,292,368,660,31,24,55,377,442,819
ILOC10300101,232,189,186,375,140,174,314,79,102,181,138,108,246,357,384,741
ILOC10300102,75,67,44,111,14,10,24,83,76,159,50,34,84,147,120,267
ILOC10300201,37,36,35,71,92,100,192,12,19,31,21,19,40,125,138,263
ILOC10300202,34,26,24,50,35,42,77,32,30,62,16,18,34,83,90,173
ILOC10300203,0,0,3,3,17,36,53,0,9,9,0,0,0,17,45,62
ILOC10300301,279,239,210,449,101,90,191,431,458,889,166,126,292,698,674,1372
ILOC10300302,0,0,0,0,23,18,41,0,0,0,0,0,0,23,18,41
ILOC10300401,136,138,132,270,152,183,335,109,151,260,78,70,148,339,404,743
ILOC10300402,35,44,30,74,25,15,40,121,123,244,20,19,39,166,157,323
ILOC10300403,11,14,10,24,24,26,50,20,22,42,6,5,11,50,53,103
ILOC10300501,861,901,930,1831,333,317,650,1867,2012,3879,441,464,905,2641,2793,5434
ILOC10300502,41,92,33,125,45,13,58,131,147,278,31,13,44,207,173,380
ILOC10300503,31,46,17,63,42,36,78,16,18,34,23,8,31,81,62,143
ILOC10300504,0,5,15,20,70,92,162,8,16,24,0,0,0,78,108,186
ILOC10300601,10,18,15,33,30,34,64,18,13,31,5,5,10,53,52,105
ILOC10300602,0,4,9,13,8,27,35,0,0,0,0,0,0,8,27,35
ILOC10300603,90,107,78,185,86,84,170,117,89,206,54,45,99,257,218,475
ILOC10300604,0,3,0,3,13,16,29,0,0,0,0,0,0,13,16,29
ILOC10300605,108,137,105,242,155,170,325,66,62,128,66,51,117,287,283,570
ILOC10300606,174,162,109,271,25,30,55,223,235,458,114,60,174,362,325,687
ILOC10400101,15,33,28,61,33,39,72,141,165,306,9,6,15,183,210,393
ILOC10400102,510,571,614,1185,115,151,266,1541,1745,3286,282,260,542,1938,2156,4094
ILOC10400103,525,508,512,1020,83,94,177,2686,2902,5588,306,274,580,3075,3270,6345
ILOC10400201,1348,1124,1024,2148,113,118,231,3415,3844,7259,796,634,1430,4324,4596,8920
ILOC10400301,839,806,782,1588,184,198,382,2066,2163,4229,472,420,892,2722,2781,5503
ILOC10400302,520,1001,515,1516,256,165,421,2566,2273,4839,318,273,591,3140,2711,5851
ILOC10400303,323,391,444,835,164,173,337,1422,1513,2935,171,188,359,1757,1874,3631
ILOC10400401,26,24,21,45,15,14,29,24,30,54,13,13,26,52,57,109
ILOC10400402,182,198,154,352,56,75,131,575,580,1155,118,87,205,749,742,1491
ILOC10400403,625,945,774,1719,393,342,735,2648,2732,5380,344,361,705,3385,3435,6820
ILOC10400404,195,178,216,394,62,74,136,513,585,1098,98,102,200,673,761,1434
ILOC10400405,333,404,397,801,132,124,256,1503,1640,3143,186,187,373,1821,1951,3772
ILOC10400501,238,325,304,629,88,83,171,1492,1681,3173,156,118,274,1736,1882,3618
ILOC10400502,34,43,33,76,54,53,107,105,92,197,24,19,43,183,164,347
ILOC10400503,1749,1777,1859,3636,407,511,918,6234,6881,13115,985,935,1920,7626,8327,15953
ILOC10400504,106,114,121,235,51,54,105,304,347,651,57,58,115,412,459,871
ILOC10400505,208,242,257,499,54,69,123,969,1059,2028,137,93,230,1160,1221,2381
ILOC10400506,170,201,252,453,127,121,248,473,532,1005,80,96,176,680,749,1429
ILOC10400507,368,420,432,852,167,211,378,1741,1938,3679,216,187,403,2124,2336,4460
ILOC10400601,251,263,260,523,49,70,119,940,999,1939,143,122,265,1132,1191,2323
ILOC10400602,94,142,124,266,44,48,92,462,479,941,63,47,110,569,574,1143
ILOC10400701,2151,1991,2115,4106,230,247,477,8249,8969,17218,1212,1123,2335,9691,10339,20030
ILOC10400702,3800,3427,3611,7038,550,522,1072,11023,12171,23194,2105,1950,4055,13678,14643,28321
ILOC10400801,552,579,524,1103,124,111,235,1508,1643,3151,330,271,601,1962,2025,3987
ILOC10400802,640,520,621,1141,101,121,222,1151,1248,2399,305,363,668,1557,1732,3289
ILOC10400803,193,217,227,444,46,33,79,456,507,963,112,97,209,614,637,1251
ILOC10400901,227,263,327,590,261,279,540,573,697,1270,110,138,248,944,1114,2058
ILOC10400902,428,904,448,1352,314,192,506,1602,1376,2978,256,224,480,2172,1792,3964
ILOC10400903,66,53,47,100,34,29,63,77,77,154,37,33,70,148,139,287
ILOC10400904,73,82,87,169,114,122,236,260,220,480,35,52,87,409,394,803
ILOC10400905,152,175,170,345,57,68,125,412,455,867,78,77,155,547,600,1147
ILOC10401001,295,322,286,608,59,52,111,902,1040,1942,181,143,324,1142,1235,2377
ILOC10401002,17,16,30,46,38,43,81,56,49,105,3,14,17,97,106,203
ILOC10401101,1597,1721,1783,3504,361,385,746,7253,7597,14850,908,851,1759,8522,8833,17355
ILOC10401102,1556,1774,1835,3609,383,462,845,9073,9521,18594,935,798,1733,10391,10781,21172
ILOC10401103,1113,1430,1416,2846,375,377,752,6034,6229,12263,670,574,1244,7079,7180,14259
ILOC10401201,242,292,322,614,197,228,425,1455,1663,3118,140,138,278,1792,2029,3821
ILOC10401202,386,324,316,640,83,84,167,1262,1350,2612,215,198,413,1560,1632,3192
ILOC10401203,185,208,203,411,89,83,172,1066,1200,2266,98,104,202,1253,1387,2640
ILOC10401204,426,405,316,721,72,77,149,1548,1674,3222,277,193,470,1897,1944,3841
ILOC10401301,1903,1989,1949,3938,495,539,1034,8423,8935,17358,1118,965,2083,10036,10439,20475
ILOC10401401,2103,1816,1579,3395,212,222,434,6031,6415,12446,1225,993,2218,7468,7630,15098
ILOC10401402,1109,1276,1347,2623,326,327,653,6091,6146,12237,652,581,1233,7069,7054,14123
ILOC10401403,1583,1636,1579,3215,252,251,503,6802,7364,14166,1025,791,1816,8079,8406,16485
ILOC10401501,818,823,818,1641,142,141,283,2670,2852,5522,462,424,886,3274,3417,6691
ILOC10401502,1133,1210,1229,2439,281,287,568,4382,4899,9281,665,569,1234,5328,5755,11083
ILOC10401503,131,171,194,365,96,96,192,649,750,1399,80,74,154,825,920,1745
ILOC10401601,39,47,43,90,18,29,47,79,82,161,27,18,45,124,129,253
ILOC10401602,220,202,197,399,60,57,117,1148,1312,2460,133,118,251,1341,1487,2828
ILOC10401603,1021,805,778,1583,68,66,134,1760,1986,3746,570,493,1063,2398,2545,4943
ILOC10401604,846,746,754,1500,135,165,300,2723,2784,5507,471,426,897,3329,3375,6704
ILOC10401605,400,449,477,926,190,197,387,1512,1619,3131,222,211,433,1924,2027,3951
ILOC10401701,332,402,427,829,179,228,407,1075,1181,2256,190,166,356,1444,1575,3019
ILOC10401702,48,66,71,137,44,46,90,124,138,262,25,29,54,193,213,406
ILOC10401703,286,311,273,584,84,67,151,1161,1275,2436,170,151,321,1415,1493,2908
ILOC10401801,707,728,619,1347,177,202,379,2825,2910,5735,440,338,778,3442,3450,6892
ILOC10401901,6,6,11,17,27,23,50,40,33,73,3,3,6,70,59,129
ILOC10401902,630,626,692,1318,319,312,631,1750,1984,3734,347,334,681,2416,2630,5046
ILOC10401903,840,779,745,1524,158,165,323,2459,2650,5109,469,430,899,3086,3245,6331
ILOC10401904,131,151,167,318,49,53,102,511,519,1030,74,70,144,634,642,1276
ILOC10402001,912,758,768,1526,113,134,247,2357,2598,4955,497,482,979,2967,3214,6181
ILOC10402002,290,341,288,629,118,100,218,1419,1541,2960,177,146,323,1714,1787,3501
ILOC10402003,1737,1815,2139,3954,418,432,850,5214,6075,11289,926,946,1872,6558,7453,14011
ILOC10402101,2173,2468,2698,5166,720,715,1435,9018,9893,18911,1196,1150,2346,10934,11758,22692
ILOC10402102,2349,2405,2549,4954,481,520,1001,8501,9365,17866,1324,1211,2535,10306,11096,21402
ILOC10500101,302,326,327,653,40,34,74,1776,2152,3928,166,165,331,1982,2351,4333
ILOC10500102,1265,1236,1243,2479,207,201,408,4068,4672,8740,744,620,1364,5019,5493,10512
ILOC10500201,80,79,64,143,15,16,31,114,125,239,56,28,84,185,169,354
ILOC10500202,231,250,169,419,49,60,109,704,663,1367,153,89,242,906,812,1718
ILOC10500203,0,3,8,11,23,29,52,0,0,0,0,0,0,23,29,52
ILOC10500204,11,14,21,35,21,33,54,26,28,54,11,5,16,58,66,124
ILOC10500205,62,68,80,148,20,25,45,108,113,221,33,32,65,161,170,331
ILOC10500301,1425,1945,1310,3255,502,368,870,5661,5444,11105,802,728,1530,6965,6540,13505
ILOC10500401,463,503,527,1030,128,156,284,2269,2450,4719,243,258,501,2640,2864,5504
ILOC10500501,67,72,61,133,18,29,47,344,309,653,53,36,89,415,374,789
ILOC10500502,87,70,74,144,39,35,74,86,69,155,42,48,90,167,152,319
ILOC10500503,20,32,29,61,20,15,35,78,93,171,15,12,27,113,120,233
ILOC10500601,601,714,643,1357,113,111,224,1973,2098,4071,358,300,658,2444,2509,4953
ILOC10500701,475,573,540,1113,114,111,225,2216,2468,4684,278,232,510,2608,2811,5419
ILOC10500801,275,300,302,602,61,67,128,781,897,1678,165,124,289,1007,1088,2095
ILOC10500901,549,576,516,1092,200,174,374,1324,1428,2752,302,277,579,1826,1879,3705
ILOC10501001,271,293,298,591,64,42,106,743,891,1634,153,137,290,960,1070,2030
ILOC10501002,219,229,216,445,35,41,76,674,715,1389,147,91,238,856,847,1703
ILOC10501101,207,284,305,589,187,195,382,979,997,1976,118,118,236,1284,1310,2594
ILOC10501201,1137,1107,950,2057,196,187,383,2971,3002,5973,670,552,1222,3837,3741,7578
ILOC10501202,503,439,502,941,138,170,308,1496,1547,3043,251,283,534,1885,2000,3885
ILOC10501301,367,1148,383,1531,280,88,368,1977,1469,3446,249,179,428,2506,1736,4242
ILOC10501401,79,113,104,217,135,154,289,195,214,409,51,34,85,381,402,783
ILOC10501402,87,96,88,184,27,28,55,295,324,619,53,40,93,375,392,767
ILOC10501403,34,44,39,83,37,44,81,88,91,179,24,19,43,149,154,303
ILOC10501501,766,1082,745,1827,237,174,411,2406,2197,4603,434,392,826,3077,2763,5840
ILOC10501502,139,275,156,431,53,22,75,675,580,1255,83,78,161,811,680,1491
ILOC10501601,1079,1063,845,1908,191,213,404,2598,2730,5328,688,469,1157,3477,3412,6889
ILOC10501701,273,248,266,514,130,137,267,528,608,1136,144,143,287,802,888,1690
ILOC10501801,268,250,230,480,90,91,181,980,1121,2101,175,127,302,1245,1339,2584
ILOC10501802,307,298,261,559,101,102,203,709,709,1418,185,135,320,995,946,1941
ILOC10501803,168,184,184,368,61,66,127,951,1097,2048,102,81,183,1114,1244,2358
ILOC10501804,267,246,257,503,129,115,244,387,459,846,132,141,273,648,715,1363
ILOC10501805,192,161,155,316,25,27,52,432,468,900,114,85,199,571,580,1151
ILOC10501806,184,155,112,267,23,21,44,653,675,1328,110,78,188,786,774,1560
ILOC10501807,89,104,113,217,23,30,53,333,342,675,43,54,97,399,426,825
ILOC10501901,332,344,341,685,87,117,204,1220,1218,2438,174,180,354,1481,1515,2996
ILOC10502001,850,1027,851,1878,131,124,255,3243,3457,6700,511,422,933,3885,4003,7888
ILOC10502101,294,354,366,720,126,141,267,1874,2027,3901,167,165,332,2167,2333,4500
ILOC10502102,236,202,221,423,35,45,80,749,892,1641,137,111,248,921,1048,1969
ILOC10502103,235,228,227,455,36,53,89,1641,1785,3426,133,121,254,1810,1959,3769
ILOC10502104,281,290,276,566,74,69,143,2001,2121,4122,180,157,337,2255,2347,4602
ILOC10502105,336,428,518,946,319,311,630,1660,1852,3512,174,203,377,2153,2366,4519
ILOC10502201,448,409,463,872,77,99,176,1381,1513,2894,253,235,488,1711,1847,3558
ILOC10600101,156,138,181,319,51,66,117,420,502,922,68,99,167,539,667,1206
ILOC10600102,782,739,781,1520,114,110,224,2572,2857,5429,436,405,841,3122,3372,6494
ILOC10600103,47,91,102,193,55,56,111,295,306,601,28,25,53,378,387,765
ILOC10600201,812,688,664,1352,136,176,312,1409,1600,3009,462,402,864,2007,2178,4185
ILOC10600202,10,16,14,30,9,16,25,25,20,45,6,4,10,40,40,80
ILOC10600203,488,456,433,889,114,105,219,1423,1481,2904,262,254,516,1799,1840,3639
ILOC10600204,60,76,93,169,61,53,114,228,266,494,35,33,68,324,352,676
ILOC10600205,87,121,118,239,28,39,67,246,259,505,54,38,92,328,336,664
ILOC10600206,3,7,0,7,34,22,56,0,0,0,3,0,3,37,22,59
ILOC10600301,73,104,99,203,47,46,93,304,310,614,51,40,91,402,396,798
ILOC10600302,1296,1076,1125,2201,416,414,830,2801,3029,5830,677,684,1361,3894,4127,8021
ILOC10600303,2450,2695,2226,4921,490,428,918,6730,6997,13727,1389,1214,2603,8609,8639,17248
ILOC10600401,1426,1292,1052,2344,253,233,486,4618,4923,9541,855,632,1487,5726,5788,11514
ILOC10600402,1900,1608,1239,2847,158,132,290,4214,4292,8506,1094,884,1978,5466,5308,10774
ILOC10600501,821,1378,864,2242,226,142,368,3614,3281,6895,484,381,865,4324,3804,8128
ILOC10600502,862,737,755,1492,97,105,202,2882,3094,5976,467,465,932,3446,3664,7110
ILOC10600503,1290,1259,1334,2593,162,215,377,5181,5833,11014,758,624,1382,6101,6672,12773
ILOC10700101,3796,4867,3164,8031,188,106,294,11963,10460,22423,2358,1804,4162,14509,12370,26879
ILOC10700201,3416,3274,3220,6494,138,133,271,25519,25399,50918,2014,1827,3841,27671,27359,55030
ILOC10700301,201,247,260,507,180,144,324,699,737,1436,109,116,225,988,997,1985
ILOC10700302,154,183,198,381,65,61,126,455,468,923,84,84,168,604,613,1217
ILOC10700303,711,660,619,1279,94,96,190,3779,3907,7686,434,368,802,4307,4371,8678
ILOC10700304,1617,1751,1716,3467,173,163,336,7309,7783,15092,971,856,1827,8453,8802,17255
ILOC10700305,122,137,135,272,21,42,63,359,349,708,70,62,132,450,453,903
ILOC10700306,800,1020,932,1952,187,224,411,4334,4390,8724,484,430,914,5005,5044,10049
ILOC10700307,137,139,151,290,31,37,68,312,331,643,76,67,143,419,435,854
ILOC10700308,217,270,245,515,58,53,111,1524,1522,3046,148,121,269,1730,1696,3426
ILOC10700309,475,531,474,1005,69,56,125,2419,2412,4831,291,261,552,2779,2729,5508
ILOC10700310,83,168,180,348,79,58,137,672,640,1312,56,58,114,807,756,1563
ILOC10700311,282,304,296,600,26,34,60,1776,1690,3466,172,148,320,1974,1872,3846
ILOC10700312,403,486,476,962,46,56,102,1611,1719,3330,242,228,470,1899,2003,3902
ILOC10700313,279,284,289,573,94,82,176,554,627,1181,163,146,309,811,855,1666
ILOC10700314,308,324,320,644,66,70,136,1282,1262,2544,166,167,333,1514,1499,3013
ILOC10700315,921,1054,1007,2061,168,147,315,3375,3381,6756,548,494,1042,4091,4022,8113
ILOC10700316,458,1249,484,1733,199,62,261,5246,4581,9827,285,249,534,5730,4892,10622
ILOC10700317,562,585,579,1164,85,84,169,3761,3768,7529,330,293,623,4176,4145,8321
ILOC10700318,328,441,505,946,52,53,105,1810,1913,3723,202,191,393,2064,2157,4221
ILOC10700319,287,335,295,630,164,102,266,802,796,1598,172,154,326,1138,1052,2190
ILOC10700320,211,256,283,539,101,101,202,643,669,1312,104,131,235,848,901,1749
ILOC10700401,190,218,207,425,40,40,80,1832,1973,3805,116,105,221,1988,2118,4106
ILOC10700402,964,729,725,1454,87,85,172,3336,3451,6787,526,481,1007,3949,4017,7966
ILOC10700403,1295,909,902,1811,72,64,136,1928,2144,4072,689,664,1353,2689,2872,5561
ILOC10700404,333,275,271,546,70,58,128,1442,1593,3035,203,163,366,1715,1814,3529
ILOC10700405,123,134,143,277,38,27,65,1005,1104,2109,78,66,144,1121,1197,2318
ILOC10700501,1805,1539,1505,3044,126,119,245,4936,4863,9799,982,935,1917,6044,5917,11961
ILOC10700601,1542,1510,1421,2931,267,251,518,8037,8526,16563,898,788,1686,9202,9565,18767
ILOC10700701,133,177,199,376,126,141,267,442,495,937,83,77,160,651,713,1364
ILOC10700702,721,512,513,1025,69,84,153,1594,1527,3121,364,386,750,2027,1997,4024
ILOC10700703,416,329,342,671,50,51,101,1001,1108,2109,216,225,441,1267,1384,2651
ILOC10700704,54,63,65,128,12,5,17,240,276,516,32,31,63,284,312,596
ILOC10700705,959,906,874,1780,148,165,313,2984,3263,6247,558,467,1025,3690,3895,7585
ILOC10700706,726,543,597,1140,116,119,235,1609,1643,3252,371,415,786,2096,2177,4273
ILOC10700707,445,484,473,957,61,63,124,2150,2141,4291,255,253,508,2466,2457,4923
ILOC10700708,571,817,1081,1898,136,145,281,2906,3239,6145,294,349,643,3336,3733,7069
ILOC10700709,467,491,495,986,60,84,144,1665,1688,3353,264,256,520,1989,2028,4017
ILOC10700710,397,416,384,800,78,87,165,2022,1985,4007,218,217,435,2318,2289,4607
ILOC10700711,230,282,270,552,53,78,131,1090,1113,2203,137,123,260,1280,1314,2594
ILOC10700712,143,171,130,301,45,40,85,657,646,1303,92,70,162,794,756,1550
ILOC10700713,153,200,190,390,47,50,97,892,1000,1892,81,76,157,1020,1126,2146
ILOC10700801,3265,3072,2933,6005,39,42,81,9154,9319,18473,1865,1706,3571,11058,11067,22125
ILOC10700802,2555,3005,2651,5656,99,107,206,9515,9362,18877,1519,1350,2869,11133,10819,21952
ILOC10700803,1607,1567,1624,3191,140,134,274,6924,7139,14063,898,859,1757,7962,8132,16094
ILOC10700804,6495,6326,5872,12198,136,160,296,19001,18294,37295,3732,3258,6990,22869,21712,44581
ILOC10700901,4004,5034,5048,10082,194,176,370,16768,17521,34289,2360,2270,4630,19322,19967,39289
ILOC10700902,1592,2153,2073,4226,109,86,195,9943,10027,19970,992,929,1921,11044,11042,22086
ILOC10701001,1235,974,820,1794,103,77,180,3324,3379,6703,701,610,1311,4128,4066,8194
ILOC10701002,407,405,429,834,65,74,139,1433,1619,3052,220,221,441,1718,1914,3632
ILOC10701003,694,674,683,1357,187,180,367,3102,3263,6365,410,362,772,3699,3805,7504
ILOC10701101,4172,3992,3860,7852,133,176,309,12937,13157,26094,2425,2110,4535,15495,15443,30938
ILOC10701201,6132,5213,5470,10683,133,177,310,39683,41084,80767,3468,3311,6779,43284,44572,87856
ILOC10701301,3760,3216,3201,6417,98,75,173,16374,16435,32809,2099,1909,4008,18571,18419,36990
ILOC10701401,2193,2216,2289,4505,102,98,200,10426,10575,21001,1227,1144,2371,11755,11817,23572
ILOC10701402,1604,1462,1524,2986,50,55,105,7524,7726,15250,922,847,1769,8496,8628,17124
ILOC10701501,441,466,440,906,61,68,129,2484,2546,5030,282,216,498,2827,2830,5657
ILOC10701502,1402,1750,1748,3498,450,454,904,8110,8557,16667,808,768,1576,9368,9779,19147
ILOC10701601,2441,1685,1610,3295,80,95,175,5165,5889,11054,1306,1201,2507,6551,7185,13736
ILOC10701701,5802,5084,5134,10218,393,373,766,14222,14919,29141,3180,3020,6200,17795,18312,36107
ILOC10701702,2169,2394,2365,4759,171,171,342,11141,11354,22495,1258,1219,2477,12570,12744,25314
ILOC10701801,9,7,5,12,0,0,0,19,25,44,4,5,9,23,30,53
ILOC10701901,4561,3360,2902,6262,188,197,385,8370,9173,17543,2587,2122,4709,11145,11492,22637
ILOC10702001,5949,5015,4920,9935,120,135,255,22908,23570,46478,3396,2932,6328,26424,26637,53061
ILOC10702002,1804,1538,1547,3085,60,48,108,7224,7589,14813,1061,893,1954,8345,8530,16875
ILOC10702101,3086,2739,2005,4744,117,49,166,6081,5811,11892,1783,1418,3201,7981,7278,15259
ILOC10702102,1361,1287,1357,2644,77,54,131,6372,6482,12854,777,703,1480,7226,7239,14465
ILOC10702103,937,944,1078,2022,93,70,163,4598,4831,9429,531,517,1048,5222,5418,10640
ILOC10702104,2046,1983,1812,3795,56,64,120,5161,5192,10353,1244,1000,2244,6461,6256,12717
ILOC10702201,758,1227,849,2076,258,219,477,3539,3400,6939,460,373,833,4257,3992,8249
ILOC10702202,390,369,376,745,81,87,168,3080,3300,6380,222,211,433,3383,3598,6981
ILOC10702203,1152,1014,1115,2129,184,233,417,3076,3426,6502,619,611,1230,3879,4270,8149
ILOC10702204,988,974,949,1923,255,243,498,4033,4211,8244,562,519,1081,4850,4973,9823
ILOC10702205,1077,1118,1111,2229,204,223,427,2959,3285,6244,645,515,1160,3808,4023,7831
ILOC10702206,767,901,838,1739,181,145,326,4459,4596,9055,460,403,863,5100,5144,10244
ILOC10702207,299,318,471,789,66,117,183,1705,1838,3543,173,147,320,1944,2102,4046
ILOC10702301,330,238,257,495,75,82,157,557,554,1111,164,173,337,796,809,1605
ILOC10702302,7410,6496,4928,11424,446,272,718,17855,17108,34963,4100,3619,7719,22401,20999,43400
ILOC10702401,4541,3978,3738,7716,117,108,225,12131,12033,24164,2613,2224,4837,14861,14365,29226
ILOC10702501,3105,2866,2851,5717,166,158,324,12291,13241,25532,1832,1507,3339,14289,14906,29195
ILOC10702502,2296,2215,2278,4493,212,180,392,14379,14590,28969,1368,1196,2564,15959,15966,31925
ILOC10702601,4649,3064,2528,5592,157,174,331,6073,6606,12679,2614,2109,4723,8844,8889,17733
ILOC10702602,6498,4237,3328,7565,59,67,126,4097,4426,8523,3808,2752,6560,7964,7245,15209
ILOC10702603,7966,4979,4069,9048,98,126,224,7035,8244,15279,4503,3595,8098,11636,11965,23601
ILOC10702604,1036,700,561,1261,25,41,66,775,638,1413,590,462,1052,1390,1141,2531
ILOC10702701,2038,1563,1491,3054,47,45,92,5155,5400,10555,1137,1012,2149,6339,6457,12796
ILOC10702702,1307,1211,1077,2288,19,19,38,4680,4951,9631,796,628,1424,5495,5598,11093
ILOC10702703,3783,2819,2616,5435,48,68,116,8826,9434,18260,2169,1772,3941,11043,11274,22317
ILOC10702704,2107,1554,1444,2998,34,15,49,5104,4838,9942,1162,1056,2218,6300,5909,12209
ILOC10702801,3465,2484,2546,5030,44,47,91,13063,13614,26677,1875,1786,3661,14982,15447,30429
ILOC10702802,6419,3839,3829,7668,30,23,53,8606,9724,18330,3387,3153,6540,12023,12900,24923
ILOC10702901,1171,1197,1172,2369,234,229,463,5577,5642,11219,665,621,1286,6476,6492,12968
ILOC10703001,5818,5916,5774,11690,912,909,1821,26075,26495,52570,3448,2885,6333,30435,30289,60724
ILOC10703101,6061,3890,3587,7477,39,51,90,6536,7074,13610,3289,2887,6176,9864,10012,19876
ILOC10703102,4854,2959,2982,5941,29,25,54,5430,6122,11552,2552,2412,4964,8011,8559,16570
ILOC19499494,1155,1958,861,2819,250,173,423,1727,1152,2879,760,420,1180,2737,1745,4482
ILOC19799797,4,9,0,9,0,0,0,9,0,9,7,0,7,16,0,16
ILOC20100101,3316,3549,3531,7080,64,81,145,11857,12131,23988,1917,1795,3712,13838,14007,27845
ILOC20100102,4950,4890,4512,9402,77,77,154,12484,12801,25285,2913,2564,5477,15474,15442,30916
ILOC20100201,2242,2133,2147,4280,81,90,171,9697,10572,20269,1253,1174,2427,11031,11836,22867
ILOC20100301,2947,3262,3191,6453,152,132,284,14773,15824,30597,1726,1599,3325,16651,17555,34206
ILOC20100401,2621,2959,2979,5938,144,143,287,11756,12220,23976,1508,1447,2955,13408,13810,27218
ILOC20100402,4064,4787,4592,9379,144,178,322,23863,24407,48270,2472,2169,4641,26479,26754,53233
ILOC20100501,4407,4358,4177,8535,67,69,136,17169,17836,35005,2611,2174,4785,19847,20079,39926
ILOC20100502,1519,1443,1511,2954,65,81,146,6451,6990,13441,831,808,1639,7347,7879,15226
ILOC20100503,3034,2860,3089,5949,146,141,287,8742,9315,18057,1675,1573,3248,10563,11029,21592
ILOC20100601,4718,5786,5392,11178,117,108,225,18297,18080,36377,2895,2498,5393,21309,20686,41995
ILOC20100701,2741,3268,3194,6462,126,113,239,18985,20014,38999,1741,1404,3145,20852,21531,42383
ILOC20100801,4413,3794,2910,6704,67,69,136,9209,9172,18381,2682,1947,4629,11958,11188,23146
ILOC20100802,4130,3585,3674,7259,64,59,123,13129,14082,27211,2274,2124,4398,15467,16265,31732
ILOC20100901,2104,2257,2533,4790,85,93,178,13199,13650,26849,1179,1174,2353,14463,14917,29380
ILOC20101001,3198,2520,2757,5277,30,34,64,12287,12639,24926,1727,1707,3434,14044,14380,28424
ILOC20101002,4731,3950,3990,7940,53,53,106,23884,24566,48450,2724,2348,5072,26661,26967,53628
ILOC20101003,9544,7425,7237,14662,68,64,132,28033,29778,57811,5405,4716,10121,33506,34558,68064
ILOC20101101,1976,1836,1786,3622,73,76,149,8219,8536,16755,1173,980,2153,9465,9592,19057
ILOC20101102,2299,2442,2609,5051,23,31,54,14644,14934,29578,1340,1231,2571,16007,16196,32203
ILOC20101103,1177,1231,1244,2475,37,42,79,8996,9236,18232,673,632,1305,9706,9910,19616
ILOC20101104,1043,1037,1205,2242,52,68,120,6668,6955,13623,577,577,1154,7297,7600,14897
ILOC20101201,9371,6208,5111,11319,74,45,119,14092,15924,30016,5244,4381,9625,19410,20350,39760
ILOC20101202,6535,4440,3706,8146,44,37,81,7991,9104,17095,3714,2957,6671,11749,12098,23847
ILOC20101203,4693,3417,3039,6456,49,55,104,7751,9243,16994,2631,2233,4864,10431,11531,21962
ILOC20101301,3676,4322,3916,8238,200,166,366,14963,15353,30316,2098,1975,4073,17261,17494,34755
ILOC20101401,1805,1744,1642,3386,19,29,48,9448,9548,18996,1119,881,2000,10586,10458,21044
ILOC20101402,1672,1591,1257,2848,22,38,60,7613,7117,14730,1055,748,1803,8690,7903,16593
ILOC20101403,1086,1229,1390,2619,23,21,44,7609,7468,15077,645,597,1242,8277,8086,16363
ILOC20101501,3310,3211,3290,6501,75,93,168,8338,8716,17054,1813,1814,3627,10226,10623,20849
ILOC20101502,2119,1630,1445,3075,27,48,75,5296,6064,11360,1191,1025,2216,6514,7137,13651
ILOC20101503,1993,1947,1717,3664,50,44,94,6498,6771,13269,1215,933,2148,7763,7748,15511
ILOC20101504,2286,2282,2190,4472,65,43,108,6326,6345,12671,1313,1177,2490,7704,7565,15269
ILOC20101601,1102,1090,1126,2216,89,79,168,4631,4776,9407,645,561,1206,5365,5416,10781
ILOC20101602,2237,1999,2227,4226,90,80,170,4831,5356,10187,1190,1146,2336,6111,6582,12693
ILOC20101603,2010,1627,2065,3692,41,44,85,7108,7642,14750,991,1160,2151,8140,8846,16986
ILOC20101701,1849,1604,1353,2957,48,66,114,5695,6416,12111,1065,882,1947,6808,7364,14172
ILOC20101702,3990,3755,3581,7336,151,169,320,11321,12026,23347,2294,1979,4273,13766,14174,27940
ILOC20101703,4673,5252,5053,10305,232,244,476,19889,20779,40668,2808,2451,5259,22929,23474,46403
ILOC20101801,1740,1574,1492,3066,26,20,46,8283,9005,17288,1049,820,1869,9358,9845,19203
ILOC20101802,906,989,1080,2069,19,17,36,5851,6100,11951,523,500,1023,6393,6617,13010
ILOC20101803,1458,1393,1459,2852,22,27,49,7043,7095,14138,813,768,1581,7878,7890,15768
ILOC20101901,3028,2802,2733,5535,67,58,125,9548,9798,19346,1700,1549,3249,11315,11405,22720
ILOC20101902,2966,3503,2629,6132,142,93,235,10785,10673,21458,1711,1533,3244,12638,12299,24937
ILOC20101903,3065,2882,2890,5772,144,167,311,11734,12394,24128,1744,1595,3339,13622,14156,27778
ILOC20102001,3850,3870,3798,7668,174,230,404,18476,19892,38368,2274,1952,4226,20924,22074,42998
ILOC20200101,3100,3108,3315,6423,240,289,529,12808,14023,26831,1707,1637,3344,14755,15949,30704
ILOC20200201,1064,1253,1216,2469,93,99,192,5052,5700,10752,638,539,1177,5783,6338,12121
ILOC20200301,246,249,263,512,36,28,64,1073,1174,2247,124,145,269,1233,1347,2580
ILOC20200302,650,606,659,1265,69,78,147,1667,1857,3524,346,328,674,2082,2263,4345
ILOC20200303,568,593,568,1161,41,49,90,2753,2925,5678,338,290,628,3132,3264,6396
ILOC20200304,294,378,369,747,49,62,111,1127,1263,2390,176,141,317,1352,1466,2818
ILOC20200305,626,634,666,1300,27,33,60,2979,3532,6511,371,297,668,3377,3862,7239
ILOC20200306,493,626,643,1269,75,67,142,2637,2982,5619,298,256,554,3010,3305,6315
ILOC20200401,306,329,332,661,16,30,46,1258,1317,2575,185,157,342,1459,1504,2963
ILOC20200402,488,477,554,1031,84,101,185,1436,1609,3045,244,274,518,1764,1984,3748
ILOC20200403,334,416,392,808,52,40,92,1468,1428,2896,182,189,371,1702,1657,3359
ILOC20200404,1070,1092,1063,2155,83,78,161,3102,3394,6496,618,536,1154,3803,4008,7811
ILOC20200405,2212,2469,2229,4698,436,457,893,7351,7523,14874,1244,1179,2423,9031,9159,18190
ILOC20200501,2042,2582,2279,4861,152,135,287,6974,7207,14181,1129,1067,2196,8255,8409,16664
ILOC20200601,6079,6898,6203,13101,426,449,875,26767,27868,54635,3500,3113,6613,30693,31430,62123
ILOC20200701,280,394,421,815,110,123,233,1438,1624,3062,171,139,310,1719,1886,3605
ILOC20200702,931,976,911,1887,143,139,282,2798,2955,5753,522,469,991,3463,3563,7026
ILOC20200703,0,11,5,16,26,19,45,0,0,0,0,0,0,26,19,45
ILOC20200704,1331,2172,1320,3492,168,129,297,5329,4900,10229,775,673,1448,6272,5702,11974
ILOC20200801,573,676,700,1376,55,53,108,2361,2526,4887,333,306,639,2749,2885,5634
ILOC20200802,595,644,595,1239,86,90,176,1486,1631,3117,372,271,643,1944,1992,3936
ILOC20200803,1422,1212,1304,2516,81,78,159,4505,4985,9490,761,759,1520,5347,5822,11169
ILOC20200901,1137,1057,1079,2136,43,40,83,5542,5802,11344,602,628,1230,6187,6470,12657
ILOC20200902,842,895,790,1685,51,46,97,3575,3779,7354,511,414,925,4137,4239,8376
ILOC20201001,1853,1917,2018,3935,359,438,797,6027,6364,12391,1054,977,2031,7440,7779,15219
ILOC20201101,1192,1077,1226,2303,42,52,94,2883,3247,6130,604,657,1261,3529,3956,7485
ILOC20201102,824,823,776,1599,40,49,89,2914,3314,6228,475,401,876,3429,3764,7193
ILOC20201201,2279,2380,2344,4724,111,132,243,10149,10486,20635,1321,1178,2499,11581,11796,23377
ILOC20201202,0,0,0,0,0,7,7,0,0,0,0,0,0,0,7,7
ILOC20201203,926,1514,1066,2580,92,71,163,4181,4119,8300,496,517,1013,4769,4707,9476
ILOC20201301,222,249,266,515,53,50,103,958,1042,2000,124,122,246,1135,1214,2349
ILOC20201302,425,366,394,760,36,54,90,1213,1300,2513,232,219,451,1481,1573,3054
ILOC20201303,382,411,414,825,47,34,81,1868,2027,3895,225,197,422,2140,2258,4398
ILOC20201401,295,330,342,672,92,94,186,1080,1110,2190,161,162,323,1333,1366,2699
ILOC20201402,263,275,271,546,46,67,113,422,399,821,139,142,281,607,608,1215
ILOC20201403,223,240,205,445,38,33,71,788,812,1600,136,116,252,962,961,1923
ILOC20201501,220,252,272,524,20,16,36,1029,1052,2081,115,116,231,1164,1184,2348
ILOC20201502,1247,1167,1116,2283,57,63,120,3606,3912,7518,700,632,1332,4363,4607,8970
ILOC20201601,1402,1224,1223,2447,85,89,174,4382,4635,9017,759,726,1485,5226,5450,10676
ILOC20201701,1091,1157,1182,2339,112,108,220,3969,4486,8455,626,547,1173,4707,5141,9848
ILOC20201801,1297,1441,1431,2872,105,123,228,5144,5543,10687,774,641,1415,6023,6307,12330
ILOC20201901,908,1048,896,1944,69,78,147,3823,4087,7910,528,463,991,4420,4628,9048
ILOC20201902,561,757,805,1562,49,55,104,3089,3484,6573,319,291,610,3457,3830,7287
ILOC20201903,853,1048,907,1955,147,172,319,4886,5100,9986,547,406,953,5580,5678,11258
ILOC29499494,667,1183,653,1836,92,63,155,1238,960,2198,398,293,691,1728,1316,3044
ILOC29799797,3,6,0,6,0,0,0,3,0,3,3,0,3,6,0,6
ILOC30100101,1088,1134,1005,2139,174,188,362,3864,4206,8070,631,536,1167,4669,4930,9599
ILOC30100201,3418,2812,2527,5339,197,206,403,11908,12493,24401,2027,1597,3624,14132,14296,28428
ILOC30100202,5137,3638,2724,6362,77,64,141,6978,7895,14873,3032,2191,5223,10087,10150,20237
ILOC30100203,6077,4928,4464,9392,320,379,699,24131,26203,50334,3510,2915,6425,27961,29497,57458
ILOC30100204,2652,1958,1365,3323,67,59,126,4219,4553,8772,1632,1091,2723,5918,5703,11621
ILOC30100205,2901,2602,2412,5014,137,142,279,10730,11384,22114,1725,1383,3108,12592,12909,25501
ILOC30100206,2364,2170,2020,4190,256,296,552,8891,9570,18461,1360,1169,2529,10507,11035,21542
ILOC30100207,5318,5365,5337,10702,727,670,1397,22923,24519,47442,3080,2672,5752,26730,27861,54591
ILOC30100208,5854,5651,5066,10717,467,476,943,25041,26056,51097,3535,2855,6390,29043,29387,58430
ILOC30100209,2352,2207,2331,4538,149,143,292,14039,14575,28614,1356,1250,2606,15544,15968,31512
ILOC30100210,782,876,847,1723,184,185,369,1986,2024,4010,437,423,860,2607,2632,5239
ILOC30100211,884,2803,1071,3874,440,204,644,5382,4209,9591,504,459,963,6326,4872,11198
ILOC30100301,6697,6325,5590,11915,1028,985,2013,17428,18654,36082,3671,3361,7032,22127,23000,45127
ILOC30100401,3320,3072,3088,6160,341,323,664,10836,11835,22671,1850,1681,3531,13027,13839,26866
ILOC30100501,720,764,678,1442,127,116,243,2283,2447,4730,433,346,779,2843,2909,5752
ILOC30100601,818,709,661,1370,89,93,182,2075,2431,4506,459,407,866,2623,2931,5554
ILOC30100602,884,801,711,1512,126,152,278,1938,2149,4087,508,424,932,2572,2725,5297
ILOC30100701,25828,19840,19285,39125,1192,1319,2511,56648,61973,118621,14114,12737,26851,71954,76029,147983
ILOC30100801,5973,6390,5532,11922,1383,1364,2747,20131,21068,41199,3471,2948,6419,24985,25380,50365
ILOC30100901,845,904,854,1758,122,153,275,3818,3953,7771,474,439,913,4414,4545,8959
ILOC30100902,906,883,816,1699,162,143,305,1681,1752,3433,525,459,984,2368,2354,4722
ILOC30100903,6381,5898,5640,11538,796,859,1655,21429,22861,44290,3652,3251,6903,25877,26971,52848
ILOC30100904,431,407,430,837,81,93,174,1133,1273,2406,231,241,472,1445,1607,3052
ILOC30100905,1041,1073,1097,2170,228,212,440,3004,3252,6256,568,567,1135,3800,4031,7831
ILOC30100906,1004,1115,1058,2173,190,199,389,2499,2525,5024,591,544,1135,3280,3268,6548
ILOC30101001,4977,4800,4244,9044,531,533,1064,17826,20167,37993,2985,2329,5314,21342,23029,44371
ILOC30101101,1880,1625,1604,3229,104,118,222,4943,5500,10443,1073,912,1985,6120,6530,12650
ILOC30101201,2141,2271,2160,4431,345,383,728,10204,11183,21387,1288,1035,2323,11837,12601,24438
ILOC30101202,1570,1562,1469,3031,160,152,312,11054,11553,22607,947,781,1728,12161,12486,24647
ILOC30101301,2053,1908,1895,3803,231,243,474,5448,6067,11515,1183,985,2168,6862,7295,14157
ILOC30101401,3484,3535,3517,7052,494,546,1040,16285,17372,33657,2013,1777,3790,18792,19695,38487
ILOC30200101,327,441,512,953,155,153,308,1110,1401,2511,204,174,378,1469,1728,3197
ILOC30200201,797,781,691,1472,188,228,416,2863,3195,6058,466,379,845,3517,3802,7319
ILOC30200202,1510,958,823,1781,101,84,185,717,828,1545,815,704,1519,1633,1616,3249
ILOC30200203,968,752,685,1437,103,118,221,2097,2485,4582,538,469,1007,2738,3072,5810
ILOC30200204,641,555,470,1025,167,167,334,1366,1494,2860,370,300,670,1903,1961,3864
ILOC30200205,605,543,544,1087,283,316,599,1338,1472,2810,337,313,650,1958,2101,4059
ILOC30200206,888,781,762,1543,435,477,912,1820,2024,3844,483,440,923,2738,2941,5679
ILOC30200207,259,244,231,475,164,155,319,547,556,1103,148,130,278,859,841,1700
ILOC30200208,1733,1578,1363,2941,767,834,1601,1628,1885,3513,984,813,1797,3379,3532,6911
ILOC30200209,556,485,447,932,118,121,239,1325,1523,2848,329,261,590,1772,1905,3677
ILOC30200210,423,345,338,683,171,199,370,402,434,836,221,211,432,794,844,1638
ILOC30200301,111,92,91,183,61,62,123,113,104,217,63,51,114,237,217,454
ILOC30200302,683,517,411,928,59,85,144,708,734,1442,394,302,696,1161,1121,2282
ILOC30200303,0,0,0,0,6,10,16,0,0,0,0,0,0,6,10,16
ILOC30200401,280,225,191,416,85,75,160,462,526,988,162,135,297,709,736,1445
ILOC30200501,265,286,255,541,65,76,141,634,699,1333,158,110,268,857,885,1742
ILOC30200601,18,36,19,55,45,87,132,65,79,144,15,6,21,125,172,297
ILOC30200602,187,206,141,347,72,58,130,318,323,641,121,76,197,511,457,968
ILOC30200603,3,17,14,31,13,8,21,15,13,28,3,0,3,31,21,52
ILOC30200604,41,48,30,78,27,29,56,50,63,113,27,17,44,104,109,213
ILOC30200701,294,372,321,693,225,223,448,688,708,1396,181,148,329,1094,1079,2173
ILOC30200702,340,377,310,687,89,108,197,969,989,1958,219,165,384,1277,1262,2539
ILOC30200801,675,1156,520,1676,551,153,704,1325,1380,2705,414,299,713,2290,1832,4122
ILOC30200802,0,0,6,6,28,38,66,0,3,3,0,0,0,28,41,69
ILOC30200901,319,356,357,713,206,228,434,599,716,1315,178,156,334,983,1100,2083
ILOC30201001,45,32,35,67,4,9,13,41,51,92,28,20,48,73,80,153
ILOC30201002,0,3,0,3,29,17,46,0,0,0,0,0,0,29,17,46
ILOC30201101,5,30,27,57,313,349,662,3,3,6,8,3,11,324,355,679
ILOC30300101,3,29,19,48,173,161,334,3,4,7,3,0,3,179,165,344
ILOC30300201,137,580,70,650,22,27,49,553,112,665,97,49,146,672,188,860
ILOC30300202,0,15,13,28,35,51,86,3,3,6,0,0,0,38,54,92
ILOC30300203,3,0,9,9,4,9,13,0,3,3,0,3,3,4,15,19
ILOC30300301,89,89,69,158,63,60,123,122,109,231,53,44,97,238,213,451
ILOC30300401,12,23,14,37,127,141,268,0,3,3,12,0,12,139,144,283
ILOC30300501,4,11,7,18,112,109,221,3,7,10,4,0,4,119,116,235
ILOC30300601,6,15,14,29,55,70,125,3,3,6,3,3,6,61,76,137
ILOC30300701,0,0,0,0,24,29,53,3,0,3,0,3,3,27,32,59
ILOC30300702,0,6,8,14,135,131,266,3,3,6,0,0,0,138,134,272
ILOC30300703,288,230,178,408,117,140,257,274,285,559,176,130,306,567,555,1122
ILOC30300801,12,35,21,56,153,170,323,22,23,45,12,0,12,187,193,380
ILOC30300802,4,20,21,41,88,88,176,0,0,0,4,0,4,92,88,180
ILOC30300803,0,7,0,7,41,36,77,3,3,6,0,0,0,44,39,83
ILOC30300804,8,8,9,17,22,19,41,3,3,6,5,3,8,30,25,55
ILOC30300805,6,14,17,31,40,48,88,3,3,6,3,3,6,46,54,100
ILOC30300901,3,6,5,11,68,66,134,6,3,9,3,0,3,77,69,146
ILOC30400101,18,20,23,43,26,26,52,9,11,20,7,11,18,42,48,90
ILOC30400102,6,10,4,14,7,5,12,10,15,25,6,3,9,23,23,46
ILOC30400103,34,56,34,90,24,18,42,112,116,228,22,12,34,158,146,304
ILOC30400201,128,111,64,175,41,32,73,65,70,135,89,39,128,195,141,336
ILOC30400202,7,36,20,56,193,159,352,4,7,11,7,0,7,204,166,370
ILOC30400203,3,35,30,65,163,158,321,9,9,18,3,0,3,175,167,342
ILOC30400204,176,122,143,265,83,107,190,25,20,45,89,93,182,197,220,417
ILOC30400301,407,381,185,566,96,133,229,272,279,551,306,128,434,674,540,1214
ILOC30400401,20,13,16,29,15,20,35,7,3,10,9,14,23,31,37,68
ILOC30400402,2546,1866,1407,3273,552,583,1135,1769,1719,3488,1497,1111,2608,3818,3413,7231
ILOC30500101,236,252,189,441,39,57,96,743,792,1535,155,96,251,937,945,1882
ILOC30500102,23,26,27,53,6,11,17,119,133,252,12,14,26,137,158,295
ILOC30500103,210,205,178,383,40,45,85,672,662,1334,141,107,248,853,814,1667
ILOC30500201,136,119,105,224,37,40,77,281,313,594,71,71,142,389,424,813
ILOC30500202,67,72,70,142,19,19,38,166,206,372,44,31,75,229,256,485
ILOC30500203,164,156,159,315,44,68,112,412,458,870,91,77,168,547,603,1150
ILOC30500301,1865,1768,1830,3598,384,426,810,4918,5330,10248,1013,989,2002,6315,6745,13060
ILOC30500302,1449,1511,1300,2811,213,227,440,4365,4697,9062,864,663,1527,5442,5587,11029
ILOC30500401,344,278,195,473,54,47,101,515,535,1050,210,151,361,779,733,1512
ILOC30500402,788,705,370,1075,65,61,126,1055,993,2048,566,248,814,1686,1302,2988
ILOC30500403,877,730,504,1234,77,68,145,1573,1597,3170,547,377,924,2197,2042,4239
ILOC30500404,8,29,16,45,131,124,255,0,4,4,4,4,8,135,132,267
ILOC30500501,959,1457,831,2288,294,183,477,3271,3272,6543,582,432,1014,4147,3887,8034
ILOC30500502,1310,1455,1582,3037,340,353,693,4431,5130,9561,731,694,1425,5502,6177,11679
ILOC30500503,799,838,850,1688,179,191,370,2204,2407,4611,456,400,856,2839,2998,5837
ILOC30500601,2165,1655,1386,3041,237,244,481,3320,3554,6874,1248,989,2237,4805,4787,9592
ILOC30500602,269,248,196,444,30,28,58,505,525,1030,171,108,279,706,661,1367
ILOC30500603,955,828,609,1437,95,121,216,2330,2410,4740,603,395,998,3028,2926,5954
ILOC30500701,331,262,153,415,15,20,35,338,332,670,220,111,331,573,463,1036
ILOC30500702,486,453,219,672,43,36,79,1068,1042,2110,362,148,510,1473,1226,2699
ILOC30500703,1120,971,418,1389,44,42,86,1044,1071,2115,858,298,1156,1946,1411,3357
ILOC30500801,18,33,20,53,28,34,62,26,18,44,10,11,21,64,63,127
ILOC30500802,133,99,114,213,28,35,63,156,157,313,57,84,141,241,276,517
ILOC30500803,329,347,300,647,44,47,91,731,859,1590,200,147,347,975,1053,2028
ILOC30500901,396,348,303,651,96,105,201,836,1028,1864,242,165,407,1174,1298,2472
ILOC30500902,222,211,182,393,57,81,138,239,253,492,130,98,228,426,432,858
ILOC30500903,3379,2895,2740,5635,673,801,1474,6384,6883,13267,1917,1627,3544,8974,9311,18285
ILOC30500904,933,1219,581,1800,232,90,322,2233,2072,4305,588,382,970,3053,2544,5597
ILOC30500905,324,260,213,473,32,42,74,566,548,1114,188,145,333,786,735,1521
ILOC30500906,653,613,495,1108,172,113,285,1607,1632,3239,414,271,685,2193,2016,4209
ILOC30600101,59,63,29,92,19,20,39,138,164,302,42,17,59,199,201,400
ILOC30600102,27,42,21,63,19,17,36,39,33,72,23,4,27,81,54,135
ILOC30600103,132,127,117,244,98,108,206,182,235,417,87,57,144,367,400,767
ILOC30600201,65,75,35,110,28,27,55,130,123,253,51,14,65,209,164,373
ILOC30600301,12,15,11,26,185,167,352,0,0,0,7,5,12,192,172,364
ILOC30600401,851,843,731,1574,140,103,243,2374,2517,4891,495,405,900,3009,3025,6034
ILOC30600402,638,724,823,1547,123,134,257,2093,2387,4480,346,343,689,2562,2864,5426
ILOC30600501,924,643,612,1255,115,126,241,1127,1142,2269,492,449,941,1734,1717,3451
ILOC30600601,230,214,197,411,32,30,62,606,631,1237,136,111,247,774,772,1546
ILOC30600602,354,257,280,537,57,85,142,475,538,1013,186,184,370,718,807,1525
ILOC30600603,297,318,330,648,51,55,106,1036,1145,2181,172,160,332,1259,1360,2619
ILOC30600701,187,242,142,384,31,16,47,596,519,1115,112,87,199,739,622,1361
ILOC30600702,214,201,173,374,71,76,147,401,399,800,139,88,227,611,563,1174
ILOC30600801,262,245,186,431,30,34,64,502,495,997,174,98,272,706,627,1333
ILOC30600802,16,31,30,61,24,37,61,59,57,116,12,10,22,95,104,199
ILOC30600803,652,459,391,850,115,103,218,633,638,1271,368,308,676,1116,1049,2165
ILOC30600901,138,122,128,250,85,79,164,274,341,615,80,71,151,439,491,930
ILOC30601001,245,230,207,437,95,108,203,420,415,835,150,107,257,665,630,1295
ILOC30601101,537,511,484,995,81,78,159,1235,1437,2672,301,281,582,1617,1796,3413
ILOC30601201,66,85,69,154,79,112,191,80,99,179,42,24,66,201,235,436
ILOC30601301,351,417,361,778,90,78,168,1570,1681,3251,222,169,391,1882,1928,3810
ILOC30601302,144,170,143,313,49,44,93,469,486,955,86,61,147,604,591,1195
ILOC30601401,405,436,476,912,112,114,226,1441,1615,3056,236,205,441,1789,1934,3723
ILOC30601402,258,289,281,570,59,49,108,1084,1140,2224,155,131,286,1298,1320,2618
ILOC30601501,3407,3213,3382,6595,703,852,1555,11842,13055,24897,1887,1772,3659,14432,15679,30111
ILOC30601601,373,350,328,678,54,50,104,1875,1929,3804,219,185,404,2148,2164,4312
ILOC30601602,371,321,314,635,60,82,142,1185,1293,2478,209,176,385,1454,1551,3005
ILOC30601701,256,234,267,501,39,51,90,1266,1407,2673,147,130,277,1452,1588,3040
ILOC30601702,140,129,100,229,18,19,37,310,330,640,86,66,152,414,415,829
ILOC30601703,116,139,120,259,33,22,55,531,566,1097,70,57,127,634,645,1279
ILOC30601801,317,297,183,480,42,45,87,727,776,1503,227,99,326,996,920,1916
ILOC30601802,183,156,138,294,15,26,41,361,389,750,116,75,191,492,490,982
ILOC30601803,177,180,152,332,45,49,94,382,391,773,119,72,191,546,512,1058
ILOC30601804,249,260,183,443,36,31,67,669,646,1315,158,102,260,863,779,1642
ILOC30700101,5,8,0,8,40,43,83,0,0,0,5,0,5,45,43,88
ILOC30700102,58,52,55,107,72,76,148,12,10,22,30,28,58,114,114,228
ILOC30700103,4,10,3,13,9,6,15,6,3,9,4,0,4,19,9,28
ILOC30700104,145,121,127,248,177,166,343,64,76,140,75,76,151,316,318,634
ILOC30700105,60,79,60,139,150,156,306,3,12,15,44,27,71,197,195,392
ILOC30700201,4,7,5,12,34,30,64,0,9,9,4,0,4,38,39,77
ILOC30700202,0,8,9,17,26,25,51,0,0,0,0,0,0,26,25,51
ILOC30700203,8,53,33,86,84,70,154,22,13,35,5,3,8,111,86,197
ILOC30700301,4,7,7,14,141,114,255,7,0,7,0,4,4,148,118,266
ILOC30700302,6,3,3,6,19,22,41,0,0,0,3,3,6,22,25,47
ILOC30700303,3,3,3,6,37,46,83,0,0,0,3,0,3,40,46,86
ILOC30700304,0,0,0,0,23,34,57,6,0,6,0,0,0,29,34,63
ILOC30700401,6,10,22,32,53,61,114,0,0,0,3,3,6,56,64,120
ILOC30700402,0,0,4,4,26,18,44,0,0,0,0,0,0,26,18,44
ILOC30700403,6,6,3,9,34,29,63,6,0,6,3,3,6,43,32,75
ILOC30700404,0,5,3,8,45,39,84,0,0,0,0,0,0,45,39,84
ILOC30700501,6,23,16,39,65,53,118,3,0,3,6,0,6,74,53,127
ILOC30700502,5,8,6,14,52,50,102,6,0,6,5,0,5,63,50,113
ILOC30700503,0,0,4,4,7,10,17,0,0,0,0,0,0,7,10,17
ILOC30800101,1211,981,667,1648,151,134,285,1122,1024,2146,756,484,1240,2029,1642,3671
ILOC30800201,317,332,350,682,123,116,239,740,833,1573,183,157,340,1046,1106,2152
ILOC30800202,324,341,250,591,53,61,114,988,974,1962,202,131,333,1243,1166,2409
ILOC30800301,436,416,355,771,185,182,367,831,944,1775,276,186,462,1292,1312,2604
ILOC30800401,322,321,211,532,33,44,77,638,670,1308,209,123,332,880,837,1717
ILOC30800501,186,213,168,381,67,42,109,665,658,1323,121,90,211,853,790,1643
ILOC30800502,139,166,173,339,66,76,142,411,479,890,88,67,155,565,622,1187
ILOC30800601,4045,3882,2451,6333,638,702,1340,8353,8775,17128,2844,1375,4219,11835,10852,22687
ILOC30800701,572,610,323,933,78,78,156,1374,1397,2771,430,167,597,1882,1642,3524
ILOC30800801,323,367,180,547,43,51,94,871,900,1771,253,90,343,1167,1041,2208
ILOC30800901,15,35,30,65,317,282,599,6,4,10,6,9,15,329,295,624
ILOC30801001,1669,1258,889,2147,94,105,199,1590,1746,3336,1030,666,1696,2714,2517,5231
ILOC30801101,631,617,387,1004,114,110,224,1109,1218,2327,462,199,661,1685,1527,3212
ILOC30801201,2711,2370,2105,4475,972,1000,1972,7442,8444,15886,1600,1301,2901,10014,10745,20759
ILOC30801301,5345,4342,3685,8027,988,1134,2122,10838,12185,23023,3138,2398,5536,14964,15717,30681
ILOC30801401,429,345,256,601,41,42,83,571,594,1165,260,188,448,872,824,1696
ILOC30801402,286,739,329,1068,366,114,480,803,745,1548,173,136,309,1342,995,2337
ILOC30801501,277,290,241,531,57,68,125,636,673,1309,161,132,293,854,873,1727
ILOC30801502,0,0,0,0,20,10,30,0,9,9,4,0,4,24,19,43
ILOC30801503,98,109,97,206,42,62,104,188,201,389,61,52,113,291,315,606
ILOC39499494,1080,1296,649,1945,166,139,305,858,709,1567,729,360,1089,1753,1208,2961
ILOC39799797,67,53,35,88,0,0,0,37,28,65,43,24,67,80,52,132
ILOC40100101,1583,1345,837,2182,81,40,121,3402,3532,6934,948,668,1616,4431,4240,8671
ILOC40100102,811,785,688,1473,42,36,78,3586,3793,7379,493,368,861,4121,4197,8318
ILOC40100201,719,849,805,1654,30,38,68,5059,5249,10308,454,346,800,5543,5633,11176
ILOC40100202,583,617,582,1199,56,52,108,3803,4261,8064,365,291,656,4224,4604,8828
ILOC40100301,1010,1054,1005,2059,93,96,189,4987,5231,10218,588,507,1095,5668,5834,11502
ILOC40100401,151,147,153,300,31,45,76,413,416,829,84,80,164,528,541,1069
ILOC40100402,209,232,251,483,56,66,122,747,837,1584,131,93,224,934,996,1930
ILOC40100501,1012,1167,1323,2490,68,57,125,6370,6646,13016,576,593,1169,7014,7296,14310
ILOC40100502,1161,1085,956,2041,48,36,84,4573,4814,9387,696,546,1242,5317,5396,10713
ILOC40100601,795,822,837,1659,33,54,87,3258,3401,6659,479,380,859,3770,3835,7605
ILOC40100602,650,744,669,1413,64,39,103,2643,2802,5445,393,319,712,3100,3160,6260
ILOC40100603,549,718,782,1500,54,68,122,2696,2932,5628,327,314,641,3077,3314,6391
ILOC40100604,944,1099,1048,2147,116,113,229,3569,3732,7301,563,477,1040,4248,4322,8570
ILOC40100701,1500,1342,1411,2753,106,116,222,4139,4798,8937,832,750,1582,5077,5664,10741
ILOC40100801,642,638,693,1331,62,77,139,2709,3066,5775,349,351,700,3120,3494,6614
ILOC40100901,1268,1013,1106,2119,37,24,61,3570,4119,7689,687,635,1322,4294,4778,9072
ILOC40100902,1552,1646,1784,3430,104,105,209,6757,7408,14165,918,786,1704,7779,8299,16078
ILOC40101001,235,293,280,573,51,45,96,1220,1300,2520,139,122,261,1410,1467,2877
ILOC40101002,370,525,308,833,54,41,95,920,820,1740,223,170,393,1197,1031,2228
ILOC40101101,947,983,1033,2016,101,99,200,4088,4392,8480,514,518,1032,4703,5009,9712
ILOC40101102,700,727,770,1497,60,69,129,2987,3309,6296,400,361,761,3447,3739,7186
ILOC40101103,374,431,386,817,30,20,50,2795,3003,5798,229,189,418,3054,3212,6266
ILOC40101201,711,1097,732,1829,262,189,451,2258,2237,4495,412,334,746,2932,2760,5692
ILOC40101301,140,93,82,175,9,23,32,62,66,128,79,64,143,150,153,303
ILOC40101302,228,270,217,487,41,27,68,775,832,1607,144,96,240,960,955,1915
ILOC40101303,0,3,6,9,18,25,43,0,0,0,0,0,0,18,25,43
ILOC40101401,1856,2153,2286,4439,239,242,481,11623,12600,24223,1067,1013,2080,12929,13855,26784
ILOC40101402,626,708,640,1348,112,130,242,1964,2164,4128,383,284,667,2459,2578,5037
ILOC40101403,1367,1313,1316,2629,136,146,282,5385,5824,11209,795,697,1492,6316,6667,12983
ILOC40101501,746,807,742,1549,137,137,274,1968,2242,4210,413,395,808,2518,2774,5292
ILOC40101502,486,621,610,1231,97,105,202,3307,3395,6702,294,267,561,3698,3767,7465
ILOC40101503,985,1205,1188,2393,245,228,473,3057,3245,6302,592,512,1104,3894,3985,7879
ILOC40101504,484,482,449,931,47,35,82,1534,1675,3209,270,260,530,1851,1970,3821
ILOC40101601,1003,957,988,1945,164,184,348,3035,3263,6298,526,537,1063,3725,3984,7709
ILOC40101602,1018,1644,1198,2842,254,154,408,4700,4537,9237,601,470,1071,5555,5161,10716
ILOC40101603,785,952,886,1838,106,113,219,2927,2879,5806,475,380,855,3508,3372,6880
ILOC40101604,626,809,735,1544,76,84,160,2392,2449,4841,401,312,713,2869,2845,5714
ILOC40101605,407,438,372,810,72,62,134,1135,1283,2418,253,187,440,1460,1532,2992
ILOC40101701,406,373,369,742,31,35,66,1020,1070,2090,221,212,433,1272,1317,2589
ILOC40101801,779,997,1075,2072,88,104,192,3462,3721,7183,453,436,889,4003,4261,8264
ILOC40101802,712,715,722,1437,62,56,118,2437,2639,5076,394,383,777,2893,3078,5971
ILOC40101803,1122,1151,1107,2258,146,166,312,4295,4260,8555,652,555,1207,5093,4981,10074
ILOC40101804,1693,1730,1617,3347,176,191,367,5502,5839,11341,1018,822,1840,6696,6852,13548
ILOC40101901,806,1218,1004,2222,125,96,221,4519,4586,9105,484,393,877,5128,5075,10203
ILOC40101902,466,682,732,1414,133,143,276,2884,3300,6184,296,240,536,3313,3683,6996
ILOC40102001,1845,2100,2291,4391,173,177,350,11629,12382,24011,1079,967,2046,12881,13526,26407
ILOC40102101,1130,940,1118,2058,25,36,61,5742,6325,12067,623,604,1227,6390,6965,13355
ILOC40102102,1251,1201,1235,2436,69,75,144,8554,9180,17734,716,659,1375,9339,9914,19253
ILOC40102103,1093,981,988,1969,25,44,69,4746,5388,10134,636,529,1165,5407,5961,11368
ILOC40102201,413,440,428,868,31,33,64,1654,1853,3507,263,208,471,1948,2094,4042
ILOC40102301,334,431,422,853,64,60,124,1422,1570,2992,199,171,370,1685,1801,3486
ILOC40102302,6,6,7,13,14,31,45,23,29,52,3,3,6,40,63,103
ILOC40102303,199,258,249,507,37,57,94,936,939,1875,115,103,218,1088,1099,2187
ILOC40200101,0,12,10,22,86,69,155,0,3,3,0,0,0,86,72,158
ILOC40200102,13,10,8,18,20,20,40,0,3,3,10,3,13,30,26,56
ILOC40200103,0,9,16,25,47,50,97,6,10,16,0,3,3,53,63,116
ILOC40200104,0,3,3,6,17,12,29,0,0,0,0,0,0,17,12,29
ILOC40200105,0,6,11,17,35,51,86,3,5,8,0,0,0,38,56,94
ILOC40200106,0,9,8,17,22,13,35,0,3,3,0,0,0,22,16,38
ILOC40200107,0,5,4,9,33,38,71,3,0,3,0,0,0,36,38,74
ILOC40200108,0,0,0,0,14,10,24,3,3,6,0,0,0,17,13,30
ILOC40200109,6,5,10,15,62,68,130,0,7,7,0,6,6,62,81,143
ILOC40200110,3,0,3,3,5,5,10,0,0,0,0,3,3,5,8,13
ILOC40200201,134,145,113,258,48,47,95,124,116,240,78,59,137,250,222,472
ILOC40200202,0,3,0,3,3,0,3,0,0,0,0,0,0,3,0,3
ILOC40200301,25,18,23,41,15,28,43,0,3,3,11,14,25,26,45,71
ILOC40200302,4,4,0,4,14,5,19,0,0,0,4,0,4,18,5,23
ILOC40200303,293,213,148,361,33,27,60,176,146,322,178,115,293,387,288,675
ILOC40200304,0,6,9,15,15,3,18,72,53,125,4,3,7,91,59,150
ILOC40200305,445,392,127,519,9,15,24,531,515,1046,367,95,462,907,625,1532
ILOC40200401,812,1030,980,2010,163,205,368,3454,3602,7056,482,414,896,4099,4221,8320
ILOC40200402,32,39,36,75,26,24,50,119,120,239,23,18,41,168,162,330
ILOC40200501,0,10,4,14,26,14,40,0,0,0,0,0,0,26,14,40
ILOC40200502,635,858,534,1392,370,255,625,709,603,1312,344,310,654,1423,1168,2591
ILOC40200503,24,50,47,97,3,3,6,107,97,204,17,10,27,127,110,237
ILOC40200504,181,178,175,353,113,138,251,321,338,659,101,83,184,535,559,1094
ILOC40200505,89,86,79,165,36,31,67,176,193,369,53,42,95,265,266,531
ILOC40200601,968,961,903,1864,173,201,374,2496,2676,5172,569,463,1032,3238,3340,6578
ILOC40300101,78,83,82,165,76,107,183,179,190,369,46,38,84,301,335,636
ILOC40300102,0,3,5,8,23,27,50,0,0,0,0,0,0,23,27,50
ILOC40300103,4,10,12,22,25,34,59,31,23,54,4,0,4,60,57,117
ILOC40300104,22,24,18,42,13,8,21,54,70,124,17,8,25,84,86,170
ILOC40300201,378,517,431,948,62,54,116,1767,1803,3570,224,185,409,2053,2042,4095
ILOC40300202,0,6,7,13,17,11,28,3,7,10,0,0,0,20,18,38
ILOC40300203,56,42,28,70,8,3,11,21,23,44,35,21,56,64,47,111
ILOC40300204,4,85,90,175,84,102,186,3,3,6,4,0,4,91,105,196
ILOC40300301,406,486,447,933,158,170,328,1421,1649,3070,244,196,440,1823,2015,3838
ILOC49499494,183,302,158,460,34,32,66,331,245,576,116,71,187,481,348,829
ILOC49799797,0,0,0,0,0,0,0,0,0,0,0,0,0,0,0,0
ILOC50100101,347,473,301,774,325,253,578,277,293,570,190,175,365,792,721,1513
ILOC50100102,362,256,203,459,56,55,111,396,414,810,198,164,362,650,633,1283
ILOC50100103,3,11,0,11,31,28,59,6,8,14,3,0,3,40,36,76
ILOC50100104,414,339,297,636,194,228,422,374,440,814,229,192,421,797,860,1657
ILOC50100201,3,5,14,19,51,59,110,0,6,6,0,3,3,51,68,119
ILOC50100202,4,9,14,23,38,36,74,7,0,7,0,4,4,45,40,85
ILOC50100203,4,20,6,26,94,100,194,3,3,6,4,0,4,101,103,204
ILOC50100204,22,24,16,40,39,23,62,22,13,35,14,8,22,75,44,119
ILOC50100205,0,4,5,9,38,41,79,6,3,9,0,0,0,44,44,88
ILOC50200101,443,359,358,717,181,201,382,397,414,811,221,231,452,799,846,1645
ILOC50200102,0,3,3,6,29,22,51,0,0,0,0,0,0,29,22,51
ILOC50200201,116,108,57,165,44,36,80,33,33,66,79,37,116,156,106,262
ILOC50200202,44,63,27,90,42,40,82,25,19,44,40,11,51,107,70,177
ILOC50200301,69,67,54,121,6,15,21,185,217,402,52,29,81,243,261,504
ILOC50200302,43,47,18,65,35,24,59,42,42,84,31,12,43,108,78,186
ILOC50200303,121,134,98,232,29,33,62,308,281,589,70,57,127,407,371,778
ILOC50200401,475,486,474,960,274,310,584,801,965,1766,261,241,502,1336,1516,2852
ILOC50200402,156,468,181,649,299,118,417,817,766,1583,108,75,183,1224,959,2183
ILOC50200403,288,309,292,601,135,165,300,851,888,1739,175,154,329,1161,1207,2368
ILOC50200404,367,401,368,769,108,116,224,1248,1424,2672,229,162,391,1585,1702,3287
ILOC50200501,362,385,267,652,72,66,138,786,783,1569,250,131,381,1108,980,2088
ILOC50200601,0,0,3,3,20,17,37,3,3,6,0,0,0,23,20,43
ILOC50200602,193,177,122,299,71,95,166,41,28,69,127,69,196,239,192,431
ILOC50200701,0,4,7,11,23,16,39,0,3,3,0,0,0,23,19,42
ILOC50200702,110,90,71,161,19,17,36,86,82,168,60,56,116,165,155,320
ILOC50300101,545,479,434,913,80,113,193,1049,1166,2215,331,242,573,1460,1521,2981
ILOC50300102,215,210,161,371,49,43,92,622,582,1204,128,93,221,799,718,1517
ILOC50300201,118,86,74,160,21,40,61,55,60,115,70,58,128,146,158,304
ILOC50300202,0,0,3,3,4,8,12,3,0,3,0,0,0,7,8,15
ILOC50300203,161,145,32,177,17,3,20,31,32,63,135,26,161,183,61,244
ILOC50300204,217,170,154,324,24,18,42,313,348,661,122,104,226,459,470,929
ILOC50300205,0,0,0,0,18,21,39,3,0,3,0,0,0,21,21,42
ILOC50300206,59,65,45,110,25,18,43,58,64,122,34,25,59,117,107,224
ILOC50300301,3009,2349,1801,4150,403,391,794,3172,3189,6361,1775,1324,3099,5350,4904,10254
ILOC50300302,0,3,3,6,9,12,21,0,0,0,0,0,0,9,12,21
ILOC50300401,0,0,0,0,10,3,13,0,0,0,0,0,0,10,3,13
ILOC50300402,11,11,12,23,19,12,31,0,3,3,6,5,11,25,20,45
ILOC50300403,0,3,3,6,17,10,27,0,6,6,0,0,0,17,16,33
ILOC50300404,127,123,48,171,47,53,100,37,29,66,100,27,127,184,109,293
ILOC50300405,0,0,0,0,16,12,28,0,0,0,0,0,0,16,12,28
ILOC50300406,0,3,0,3,27,19,46,0,3,3,0,0,0,27,22,49
ILOC50300407,0,5,5,10,21,22,43,0,0,0,0,0,0,21,22,43
ILOC50300408,4,13,0,13,28,15,43,3,0,3,4,0,4,35,15,50
ILOC50300501,128,153,125,278,31,34,65,100,74,174,76,55,131,207,163,370
ILOC50300502,369,322,89,411,18,30,48,125,98,223,300,69,369,443,197,640
ILOC50300503,6,3,3,6,19,10,29,0,3,3,3,3,6,22,16,38
ILOC50300601,0,19,18,37,56,63,119,15,6,21,0,0,0,71,69,140
ILOC50300701,136,112,43,155,39,27,66,48,19,67,100,36,136,187,82,269
ILOC50400101,67,61,10,71,26,20,46,12,4,16,57,10,67,95,34,129
ILOC50400102,0,10,3,13,6,25,31,10,0,10,0,0,0,16,25,41
ILOC50400103,6,17,3,20,55,30,85,3,0,3,3,3,6,61,33,94
ILOC50400201,0,17,19,36,81,59,140,0,0,0,0,0,0,81,59,140
ILOC50400202,29,45,5,50,12,15,27,22,9,31,24,5,29,58,29,87
ILOC50400203,0,8,11,19,30,40,70,0,0,0,0,0,0,30,40,70
ILOC50400204,0,5,3,8,52,57,109,3,0,3,0,0,0,55,57,112
ILOC50400205,0,4,0,4,31,12,43,3,3,6,0,0,0,34,15,49
ILOC50400301,22,30,35,65,105,125,230,19,30,49,12,10,22,136,165,301
ILOC50400302,0,5,5,10,49,64,113,0,0,0,0,0,0,49,64,113
ILOC50400303,0,0,3,3,15,19,34,0,0,0,0,0,0,15,19,34
ILOC50400401,0,20,18,38,75,70,145,0,0,0,0,0,0,75,70,145
ILOC50400501,21,22,22,44,68,81,149,3,0,3,12,9,21,83,90,173
ILOC50400601,351,311,250,561,211,231,442,269,311,580,212,150,362,692,692,1384
ILOC50400602,0,12,9,21,29,23,52,0,0,0,0,0,0,29,23,52
ILOC50400603,0,8,11,19,19,22,41,0,0,0,3,0,3,22,22,44
ILOC50400701,51,49,34,83,27,25,52,65,82,147,32,19,51,124,126,250
ILOC50400702,8,11,4,15,24,22,46,6,9,15,4,7,11,34,38,72
ILOC50400801,71,67,59,126,64,85,149,26,33,59,42,36,78,132,154,286
ILOC50500101,769,746,701,1447,121,129,250,1282,1355,2637,421,380,801,1824,1864,3688
ILOC50500102,792,761,694,1455,53,98,151,3064,3256,6320,466,375,841,3583,3729,7312
ILOC50500103,565,465,420,885,56,42,98,1038,1041,2079,309,280,589,1403,1363,2766
ILOC50500104,460,371,364,735,62,56,118,1182,1207,2389,257,227,484,1501,1490,2991
ILOC50500105,231,213,196,409,40,39,79,545,541,1086,134,105,239,719,685,1404
ILOC50500201,520,496,499,995,86,66,152,1582,1616,3198,306,246,552,1974,1928,3902
ILOC50500301,858,936,856,1792,73,79,152,3422,3447,6869,506,423,929,4001,3949,7950
ILOC50500302,1660,1449,1052,2501,79,90,169,3220,3459,6679,1051,679,1730,4350,4228,8578
ILOC50500401,958,752,675,1427,69,82,151,1267,1359,2626,571,435,1006,1907,1876,3783
ILOC50500402,296,306,282,588,74,52,126,773,807,1580,160,151,311,1007,1010,2017
ILOC50500403,230,278,216,494,24,19,43,765,749,1514,152,102,254,941,870,1811
ILOC50500404,607,490,415,905,40,55,95,898,890,1788,344,285,629,1282,1230,2512
ILOC50500501,1019,1017,946,1963,59,54,113,6176,6157,12333,637,490,1127,6872,6701,13573
ILOC50500502,1858,1617,1258,2875,110,104,214,4703,4624,9327,1151,798,1949,5964,5526,11490
ILOC50500503,172,177,186,363,8,6,14,1523,1660,3183,103,94,197,1634,1760,3394
ILOC50500601,721,668,664,1332,95,85,180,2687,2882,5569,408,367,775,3190,3334,6524
ILOC50500602,547,619,513,1132,52,46,98,1848,2036,3884,359,229,588,2259,2311,4570
ILOC50500603,1056,1001,887,1888,91,108,199,4631,4552,9183,617,515,1132,5339,5175,10514
ILOC50500604,209,189,174,363,33,38,71,484,515,999,115,104,219,632,657,1289
ILOC50500605,445,515,463,978,76,57,133,1107,1243,2350,261,204,465,1444,1504,2948
ILOC50500701,1475,1279,1168,2447,91,98,189,3670,4133,7803,864,716,1580,4625,4947,9572
ILOC50500801,265,292,240,532,33,29,62,819,798,1617,164,127,291,1016,954,1970
ILOC50500802,1004,1605,703,2308,265,26,291,4360,3914,8274,596,474,1070,5221,4414,9635
ILOC50500803,1394,1105,1035,2140,108,150,258,1989,1994,3983,756,683,1439,2853,2827,5680
ILOC50500804,229,254,243,497,44,33,77,1075,1149,2224,139,108,247,1258,1290,2548
ILOC50500805,421,337,294,631,41,43,84,643,638,1281,242,191,433,926,872,1798
ILOC50500806,188,251,210,461,29,34,63,785,755,1540,122,81,203,936,870,1806
ILOC50500807,589,584,558,1142,83,76,159,1294,1333,2627,322,279,601,1699,1688,3387
ILOC50500808,769,764,715,1479,82,108,190,2798,2909,5707,444,391,835,3324,3408,6732
ILOC50500901,1454,1426,1234,2660,57,71,128,7327,7756,15083,924,649,1573,8308,8476,16784
ILOC50500902,2561,2490,2402,4892,131,127,258,12616,13111,25727,1529,1246,2775,14276,14484,28760
ILOC50501001,504,454,419,873,67,63,130,1219,1265,2484,285,230,515,1571,1558,3129
ILOC50501002,591,504,422,926,67,49,116,1277,1366,2643,345,276,621,1689,1691,3380
ILOC50501003,1034,874,809,1683,43,94,137,3732,3823,7555,601,503,1104,4376,4420,8796
ILOC50501101,1278,1101,999,2100,143,121,264,1911,2052,3963,722,621,1343,2776,2794,5570
ILOC50501102,465,986,344,1330,305,37,342,1630,1352,2982,275,228,503,2210,1617,3827
ILOC50501201,1949,1638,1517,3155,28,35,63,6442,7193,13635,1170,894,2064,7640,8122,15762
ILOC50501202,916,1045,1057,2102,86,87,173,6667,6633,13300,551,484,1035,7304,7204,14508
ILOC50501301,1188,2373,954,3327,478,81,559,4640,3918,8558,665,586,1251,5783,4585,10368
ILOC50501302,336,309,302,611,65,73,138,828,811,1639,186,174,360,1079,1058,2137
ILOC50501401,4444,2988,2194,5182,47,34,81,4548,4732,9280,2640,1873,4513,7235,6639,13874
ILOC50501402,3664,2785,2676,5461,71,95,166,11822,12619,24441,2033,1803,3836,13926,14517,28443
ILOC50501501,2315,1976,1795,3771,207,235,442,5478,5978,11456,1326,1108,2434,7011,7321,14332
ILOC50501502,1163,1041,926,1967,64,71,135,2303,2586,4889,704,505,1209,3071,3162,6233
ILOC50501503,1025,951,726,1677,74,78,152,4472,4754,9226,668,433,1101,5214,5265,10479
ILOC50501601,532,777,455,1232,71,61,132,2379,2334,4713,333,248,581,2783,2643,5426
ILOC50501701,2100,1558,1467,3025,114,91,205,5355,5412,10767,1174,982,2156,6643,6485,13128
ILOC50501702,2018,1670,1495,3165,91,104,195,4007,4391,8398,1227,843,2070,5325,5338,10663
ILOC50501801,3265,2509,2196,4705,125,98,223,7910,8283,16193,1908,1456,3364,9943,9837,19780
ILOC50501802,1930,1793,1824,3617,119,137,256,6189,6871,13060,1098,973,2071,7406,7981,15387
ILOC50501803,966,832,803,1635,84,77,161,1879,1913,3792,529,492,1021,2492,2482,4974
ILOC50501804,3949,3357,2906,6263,142,158,300,8291,8747,17038,2343,1769,4112,10776,10674,21450
ILOC50501901,553,674,566,1240,71,77,148,2848,3018,5866,343,258,601,3262,3353,6615
ILOC50501902,762,845,763,1608,182,181,363,2786,2685,5471,447,391,838,3415,3257,6672
ILOC50501903,156,118,105,223,16,24,40,169,138,307,85,71,156,270,233,503
ILOC50501904,957,694,876,1570,56,168,224,2011,2236,4247,520,481,1001,2587,2885,5472
ILOC50501905,741,691,662,1353,126,135,261,3066,3155,6221,425,371,796,3617,3661,7278
ILOC50501906,309,325,226,551,23,26,49,845,688,1533,175,148,323,1043,862,1905
ILOC50501907,306,267,284,551,21,21,42,367,467,834,184,134,318,572,622,1194
ILOC50501908,331,288,254,542,74,71,145,544,515,1059,191,154,345,809,740,1549
ILOC50501909,233,235,207,442,57,70,127,872,882,1754,139,111,250,1068,1063,2131
ILOC50502001,3007,3205,2956,6161,281,281,562,12785,13457,26242,1800,1478,3278,14866,15216,30082
ILOC50502101,2865,2357,2233,4590,194,215,409,7338,7739,15077,1612,1397,3009,9144,9351,18495
ILOC50600101,1059,941,156,1097,21,8,29,150,40,190,913,146,1059,1084,194,1278
ILOC50600102,68,87,28,115,80,55,135,3,3,6,61,7,68,144,65,209
ILOC50600103,3,57,55,112,62,67,129,0,0,0,3,0,3,65,67,132
ILOC50600104,0,5,9,14,14,13,27,0,0,0,0,0,0,14,13,27
ILOC50600105,4,18,16,34,26,28,54,9,9,18,4,0,4,39,37,76
ILOC50600106,929,654,380,1034,88,94,182,442,471,913,606,337,943,1136,902,2038
ILOC50600107,4,4,10,14,22,24,46,0,3,3,0,4,4,22,31,53
ILOC50600108,0,3,3,6,27,16,43,3,0,3,0,0,0,30,16,46
ILOC50600109,0,3,3,6,16,14,30,0,6,6,0,0,0,16,20,36
ILOC50600110,0,6,3,9,29,28,57,0,0,0,0,0,0,29,28,57
ILOC50600201,1219,1067,274,1341,46,34,80,404,327,731,990,243,1233,1440,604,2044
ILOC50600202,71,51,45,96,27,33,60,38,37,75,34,37,71,99,107,206
ILOC50600203,98,88,58,146,20,28,48,153,157,310,65,39,104,238,224,462
ILOC50600204,84,86,70,156,62,36,98,384,355,739,53,41,94,499,432,931
ILOC50600301,2850,1987,1157,3144,163,146,309,1466,1327,2793,1830,1043,2873,3459,2516,5975
ILOC50600401,0,0,0,0,14,15,29,0,0,0,0,0,0,14,15,29
ILOC50600402,297,265,45,310,16,0,16,53,36,89,256,41,297,325,77,402
ILOC50600403,801,581,313,894,37,26,63,331,335,666,533,285,818,901,646,1547
ILOC50600404,1574,1075,887,1962,285,324,609,655,635,1290,883,717,1600,1823,1676,3499
ILOC50600405,0,0,4,4,3,16,19,0,0,0,0,0,0,3,16,19
ILOC50600501,111,258,47,305,171,29,200,43,31,74,85,29,114,299,89,388
ILOC50600502,949,798,183,981,16,9,25,161,135,296,772,177,949,949,321,1270
ILOC50600503,11,20,20,40,29,31,60,6,3,9,3,8,11,38,42,80
ILOC50600504,48,59,39,98,57,48,105,14,28,42,29,19,48,100,95,195
ILOC50600505,242,181,124,305,66,66,132,154,112,266,146,99,245,366,277,643
ILOC50700101,457,511,487,998,137,121,258,1654,1799,3453,277,212,489,2068,2132,4200
ILOC50700102,476,817,420,1237,190,72,262,2258,2201,4459,300,230,530,2748,2503,5251
ILOC50700201,710,690,546,1236,127,133,260,1724,1780,3504,425,334,759,2276,2247,4523
ILOC50700202,36,33,37,70,20,14,34,64,59,123,18,18,36,102,91,193
ILOC50700203,39,49,36,85,23,13,36,112,122,234,30,15,45,165,150,315
ILOC50700204,9,21,14,35,19,24,43,36,32,68,6,3,9,61,59,120
ILOC50700205,123,123,94,217,21,11,32,228,238,466,76,50,126,325,299,624
ILOC50700301,581,557,484,1041,42,45,87,1454,1551,3005,352,267,619,1848,1863,3711
ILOC50700302,170,156,113,269,23,31,54,381,466,847,110,69,179,514,566,1080
ILOC50700303,160,463,146,609,92,31,123,606,454,1060,85,78,163,783,563,1346
ILOC50700304,372,289,347,636,43,62,105,450,520,970,184,202,386,677,784,1461
ILOC50700305,242,188,196,384,32,43,75,297,317,614,132,122,254,461,482,943
ILOC50700401,1108,980,954,1934,113,117,230,3355,3547,6902,631,542,1173,4099,4206,8305
ILOC50700501,172,180,183,363,46,57,103,567,512,1079,97,96,193,710,665,1375
ILOC50700502,196,192,98,290,21,24,45,323,294,617,151,60,211,495,378,873
ILOC50700601,1062,903,843,1746,105,88,193,2822,2869,5691,583,529,1112,3510,3486,6996
ILOC50700701,72,74,63,137,18,17,35,186,208,394,47,34,81,251,259,510
ILOC50700702,149,179,108,287,26,38,64,394,460,854,113,43,156,533,541,1074
ILOC50700703,34,40,47,87,20,23,43,108,107,215,14,20,34,142,150,292
ILOC50700801,85,106,69,175,32,26,58,303,272,575,52,37,89,387,335,722
ILOC50700802,119,172,132,304,58,57,115,370,444,814,78,45,123,506,546,1052
ILOC50700901,3624,3227,2982,6209,266,285,551,7664,8479,16143,2110,1668,3778,10040,10432,20472
ILOC50701001,372,435,322,757,45,36,81,1142,1167,2309,216,190,406,1403,1393,2796
ILOC50701002,307,311,297,608,54,55,109,1026,1084,2110,185,146,331,1265,1285,2550
ILOC50701101,778,660,491,1151,52,59,111,1346,1347,2693,478,323,801,1876,1729,3605
ILOC50701102,83,91,86,177,41,77,118,215,247,462,55,38,93,311,362,673
ILOC50701201,370,358,107,465,24,24,48,283,239,522,307,66,373,614,329,943
ILOC50701202,349,346,302,648,56,43,99,828,917,1745,207,160,367,1091,1120,2211
ILOC50701203,112,125,112,237,25,21,46,372,406,778,74,50,124,471,477,948
ILOC50701301,105,171,160,331,89,89,178,537,558,1095,75,51,126,701,698,1399
ILOC50701302,244,305,304,609,107,95,202,1035,1135,2170,128,126,254,1270,1356,2626
ILOC50701401,508,408,391,799,103,103,206,641,704,1345,267,267,534,1011,1074,2085
ILOC50701501,717,559,465,1024,35,18,53,1267,1348,2615,410,322,732,1712,1688,3400
ILOC50701502,143,180,169,349,19,16,35,744,784,1528,85,73,158,848,873,1721
ILOC50701503,1047,952,892,1844,115,128,243,3413,3652,7065,626,489,1115,4154,4269,8423
ILOC50701504,373,469,293,762,67,60,127,979,951,1930,288,113,401,1334,1124,2458
ILOC50701505,177,184,127,311,13,27,40,572,574,1146,114,72,186,699,673,1372
ILOC50800101,543,355,310,665,145,147,292,147,160,307,287,256,543,579,563,1142
ILOC50800102,0,0,0,0,5,15,20,0,0,0,0,0,0,5,15,20
ILOC50800103,9,11,12,23,33,43,76,3,0,3,3,6,9,39,49,88
ILOC50800201,25,35,29,64,34,40,74,31,21,52,13,18,31,78,79,157
ILOC50800202,11,12,3,15,7,6,13,3,3,6,8,3,11,18,12,30
ILOC50800203,6,9,16,25,56,59,115,0,0,0,3,3,6,59,62,121
ILOC50800204,0,0,5,5,21,19,40,0,0,0,0,0,0,21,19,40
ILOC50800205,3,11,8,19,36,51,87,6,0,6,3,0,3,45,51,96
ILOC50800301,0,8,4,12,59,59,118,0,3,3,0,0,0,59,62,121
ILOC50800302,0,0,3,3,16,3,19,0,0,0,0,0,0,16,3,19
ILOC50800303,0,10,11,21,33,24,57,0,0,0,0,0,0,33,24,57
ILOC50800304,0,3,0,3,9,13,22,0,0,0,0,0,0,9,13,22
ILOC50800305,0,9,16,25,16,20,36,0,0,0,0,0,0,16,20,36
ILOC50800306,0,0,0,0,17,25,42,0,0,0,0,0,0,17,25,42
ILOC50800307,0,19,13,32,31,29,60,0,0,0,0,0,0,31,29,60
ILOC50800308,0,3,8,11,24,23,47,0,0,0,0,0,0,24,23,47
ILOC50800401,0,0,0,0,18,15,33,0,0,0,0,0,0,18,15,33
ILOC50800402,0,0,4,4,10,10,20,0,4,4,0,0,0,10,14,24
ILOC50800403,5,8,4,12,52,50,102,0,0,0,5,0,5,57,50,107
ILOC50800404,56,1441,13,1454,17,17,34,1398,15,1413,46,10,56,1461,42,1503
ILOC50800405,0,3,0,3,15,15,30,0,0,0,0,0,0,15,15,30
ILOC59499494,674,918,456,1374,151,126,277,587,406,993,471,209,680,1209,741,1950
ILOC59799797,59,58,5,63,0,0,0,20,0,20,54,5,59,74,5,79
ILOC60100101,710,860,950,1810,237,261,498,2671,2997,5668,402,371,773,3310,3629,6939
ILOC60100102,515,618,685,1303,192,211,403,1904,2031,3935,309,265,574,2405,2507,4912
ILOC60100103,80,90,82,172,31,23,54,278,331,609,50,42,92,359,396,755
ILOC60100201,78,143,100,243,29,23,52,396,398,794,45,41,86,470,462,932
ILOC60100202,87,100,67,167,18,24,42,189,184,373,59,40,99,266,248,514
ILOC60100203,215,379,295,674,96,76,172,1177,1062,2239,121,124,245,1394,1262,2656
ILOC60100204,148,235,203,438,42,47,89,984,1032,2016,91,67,158,1117,1146,2263
ILOC60100205,210,236,214,450,45,56,101,648,674,1322,129,98,227,822,828,1650
ILOC60100301,662,636,720,1356,220,241,461,1803,1881,3684,322,388,710,2345,2510,4855
ILOC60100302,1386,1869,1520,3389,336,294,630,6127,6123,12250,816,695,1511,7279,7112,14391
ILOC60100303,1198,1537,1694,3231,347,382,729,4948,5404,10352,676,645,1321,5971,6431,12402
ILOC60100304,1790,1499,1336,2835,105,121,226,6722,7051,13773,1083,820,1903,7910,7992,15902
ILOC60100401,23,29,25,54,30,32,62,85,64,149,14,16,30,129,112,241
ILOC60100402,10,23,13,36,12,6,18,57,69,126,6,4,10,75,79,154
ILOC60100403,274,409,361,770,187,203,390,1380,1462,2842,181,138,319,1748,1803,3551
ILOC60100501,704,770,814,1584,212,197,409,4212,4545,8757,403,395,798,4827,5137,9964
ILOC60100601,1850,1971,2065,4036,384,419,803,7814,8193,16007,1011,985,1996,9209,9597,18806
ILOC60100701,109,138,181,319,40,50,90,1011,1074,2085,55,64,119,1106,1188,2294
ILOC60100702,119,175,163,338,41,40,81,696,682,1378,78,61,139,815,783,1598
ILOC60100703,254,286,286,572,59,51,110,1106,1226,2332,148,137,285,1313,1414,2727
ILOC60100801,216,245,210,455,44,57,101,549,592,1141,124,105,229,717,754,1471
ILOC60100802,186,196,209,405,47,48,95,662,762,1424,120,88,208,829,898,1727
ILOC60100803,39,33,25,58,18,15,33,45,22,67,22,17,39,85,54,139
ILOC60100804,152,237,230,467,54,76,130,712,763,1475,93,81,174,859,920,1779
ILOC60100901,115,136,141,277,40,18,58,321,341,662,58,63,121,419,422,841
ILOC60100902,431,443,413,856,106,101,207,1371,1475,2846,234,224,458,1711,1800,3511
ILOC60100903,74,85,96,181,17,21,38,197,208,405,44,39,83,258,268,526
ILOC60101001,533,674,712,1386,222,236,458,2148,2472,4620,296,282,578,2666,2990,5656
ILOC60101002,296,348,284,632,188,196,384,884,960,1844,191,131,322,1263,1287,2550
ILOC60101003,74,101,82,183,56,37,93,439,428,867,48,32,80,543,497,1040
ILOC60101004,239,327,305,632,106,114,220,1012,1078,2090,148,124,272,1266,1316,2582
ILOC60101005,203,207,184,391,66,54,120,429,426,855,122,99,221,617,579,1196
ILOC60101101,211,259,239,498,86,52,138,917,981,1898,132,112,244,1135,1145,2280
ILOC60101102,558,642,612,1254,80,79,159,2802,3092,5894,334,272,606,3216,3443,6659
ILOC69499494,56,112,50,162,20,6,26,115,107,222,38,21,59,173,134,307
ILOC69799797,5,5,3,8,0,0,0,6,6,12,5,0,5,11,6,17
ILOC70100101,292,279,229,508,176,171,347,344,389,733,187,118,305,707,678,1385
ILOC70100102,264,264,176,440,129,139,268,443,458,901,175,101,276,747,698,1445
ILOC70100103,89,93,99,192,15,41,56,140,166,306,64,39,103,219,246,465
ILOC70100104,26,19,22,41,0,6,6,59,63,122,15,14,29,74,83,157
ILOC70100105,339,332,323,655,213,252,465,508,519,1027,188,172,360,909,943,1852
ILOC70100106,310,232,179,411,62,64,126,344,372,716,173,137,310,579,573,1152
ILOC70100107,411,298,264,562,151,144,295,446,537,983,234,188,422,831,869,1700
ILOC70100108,0,8,0,8,57,65,122,12,4,16,0,0,0,69,69,138
ILOC70100201,0,0,0,0,11,0,11,0,0,0,0,0,0,11,0,11
ILOC70100202,0,11,14,25,22,32,54,3,0,3,0,0,0,25,32,57
ILOC70100203,0,6,6,12,20,34,54,0,0,0,0,0,0,20,34,54
ILOC70100204,0,3,3,6,27,17,44,0,0,0,0,0,0,27,17,44
ILOC70100205,0,6,0,6,6,3,9,3,0,3,0,0,0,9,3,12
ILOC70100206,0,0,0,0,11,14,25,0,0,0,0,0,0,11,14,25
ILOC70100207,0,12,23,35,23,30,53,0,0,0,0,0,0,23,30,53
ILOC70200101,0,13,9,22,52,46,98,4,0,4,0,0,0,56,46,102
ILOC70200102,0,37,24,61,99,89,188,6,0,6,0,0,0,105,89,194
ILOC70200103,34,560,44,604,542,77,619,49,9,58,25,12,37,616,98,714
ILOC70200104,4,12,16,28,26,40,66,0,0,0,4,0,4,30,40,70
ILOC70200201,6,41,34,75,83,83,166,3,0,3,6,0,6,92,83,175
ILOC70200301,6,7,6,13,9,22,31,7,0,7,3,3,6,19,25,44
ILOC70200302,3,6,3,9,6,15,21,3,9,12,3,0,3,12,24,36
ILOC70200303,3,6,0,6,38,25,63,0,0,0,3,0,3,41,25,66
ILOC70200304,0,3,0,3,11,16,27,0,0,0,0,3,3,11,19,30
ILOC70200305,0,4,0,4,29,18,47,0,0,0,0,0,0,29,18,47
ILOC70200306,0,8,13,21,16,27,43,0,0,0,0,0,0,16,27,43
ILOC70200401,0,7,8,15,25,21,46,0,0,0,0,0,0,25,21,46
ILOC70200402,39,27,15,42,0,0,0,6,0,6,24,15,39,30,15,45
ILOC70200501,0,8,6,14,32,24,56,0,3,3,0,0,0,32,27,59
ILOC70200502,6,23,26,49,24,26,50,10,9,19,3,3,6,37,38,75
ILOC70200503,0,53,64,117,56,67,123,0,3,3,0,0,0,56,70,126
ILOC70200601,0,0,4,4,14,23,37,0,0,0,0,0,0,14,23,37
ILOC70200602,0,3,3,6,17,24,41,0,3,3,0,0,0,17,27,44
ILOC70200701,6,35,41,76,89,96,185,9,10,19,3,3,6,101,109,210
ILOC70200801,0,23,26,49,39,54,93,6,4,10,0,0,0,45,58,103
ILOC70200802,29,31,27,58,10,14,24,20,12,32,20,15,35,50,41,91
ILOC70200901,6,14,6,20,16,19,35,3,0,3,3,3,6,22,22,44
ILOC70200902,162,124,91,215,45,41,86,63,84,147,97,65,162,205,190,395
ILOC70201001,3,16,23,39,46,43,89,3,3,6,3,0,3,52,46,98
ILOC70201002,28,28,6,34,0,0,0,9,0,9,22,6,28,31,6,37
ILOC70201101,4,54,69,123,84,85,169,0,3,3,4,0,4,88,88,176
ILOC70201102,0,5,5,10,8,10,18,0,0,0,0,0,0,8,10,18
ILOC70201201,0,3,0,3,3,3,6,0,0,0,0,0,0,3,3,6
ILOC70201202,0,0,6,6,6,18,24,0,0,0,0,0,0,6,18,24
ILOC70201203,0,3,0,3,14,20,34,0,0,0,0,0,0,14,20,34
ILOC70201204,6,37,26,63,79,83,162,3,0,3,3,6,9,85,89,174
ILOC70201301,7,12,13,25,48,57,105,0,7,7,4,3,7,52,67,119
ILOC70201302,0,0,0,0,0,0,0,0,0,0,0,0,0,0,0,0
ILOC70201401,0,14,15,29,26,34,60,0,6,6,0,0,0,26,40,66
ILOC70201402,6,3,6,9,8,12,20,3,0,3,3,3,6,14,15,29
ILOC70201403,0,17,28,45,33,42,75,0,5,5,0,0,0,33,47,80
ILOC70201404,0,0,3,3,10,6,16,0,0,0,0,0,0,10,6,16
ILOC70201501,3,13,9,22,39,27,66,0,0,0,3,0,3,42,27,69
ILOC70201601,0,4,8,12,36,30,66,3,0,3,0,0,0,39,30,69
ILOC70201701,4,39,46,85,95,93,188,6,13,19,3,4,7,104,110,214
ILOC70300101,252,164,176,340,40,36,76,250,237,487,125,142,267,415,415,830
ILOC70300102,150,136,88,224,25,24,49,517,444,961,99,56,155,641,524,1165
ILOC70300201,161,123,114,237,68,59,127,272,291,563,90,82,172,430,432,862
ILOC70300202,330,213,182,395,65,51,116,268,296,564,176,157,333,509,504,1013
ILOC70300301,0,6,4,10,29,19,48,0,0,0,9,0,9,38,19,57
ILOC70300302,343,253,227,480,36,52,88,324,404,728,184,168,352,544,624,1168
ILOC70300303,0,3,0,3,3,0,3,3,0,3,0,0,0,6,0,6
ILOC70300304,46,47,20,67,25,14,39,56,55,111,35,11,46,116,80,196
ILOC70300401,65,62,43,105,27,30,57,52,53,105,37,28,65,116,111,227
ILOC70300402,88,62,38,100,17,19,36,21,15,36,54,34,88,92,68,160
ILOC70300403,0,3,5,8,22,27,49,3,0,3,0,0,0,25,27,52
ILOC70300404,58,74,40,114,31,23,54,62,52,114,37,24,61,130,99,229
ILOC70300501,716,522,303,825,28,26,54,261,302,563,457,259,716,746,587,1333
ILOC70300502,308,278,191,469,47,61,108,435,488,923,193,128,321,675,677,1352
ILOC70300503,424,332,209,541,86,72,158,339,380,719,271,156,427,696,608,1304
ILOC70300504,484,367,240,607,32,25,57,532,678,1210,295,196,491,859,899,1758
ILOC70300601,313,311,238,549,178,206,384,539,557,1096,203,142,345,920,905,1825
ILOC70300701,82,49,48,97,18,13,31,59,54,113,43,42,85,120,109,229
ILOC70300702,324,212,167,379,34,36,70,281,326,607,180,147,327,495,509,1004
ILOC70300703,393,250,196,446,35,34,69,191,247,438,229,164,393,455,445,900
ILOC70300704,582,408,271,679,48,40,88,444,375,819,354,238,592,846,653,1499
ILOC70300705,732,532,429,961,110,137,247,872,943,1815,444,320,764,1426,1400,2826
ILOC70300706,38,34,27,61,17,9,26,33,51,84,21,20,41,71,80,151
ILOC70300801,390,293,249,542,102,119,221,324,370,694,220,188,408,646,677,1323
ILOC70300901,320,1523,348,1871,546,104,650,1149,518,1667,185,143,328,1880,765,2645
ILOC70301001,79,84,50,134,62,38,100,180,234,414,57,28,85,299,300,599
ILOC70301002,236,174,154,328,38,34,72,264,271,535,125,114,239,427,419,846
ILOC70301101,131,138,102,240,56,48,104,217,246,463,77,57,134,350,351,701
ILOC70301102,231,165,151,316,31,31,62,264,252,516,129,107,236,424,390,814
ILOC70301103,95,87,69,156,42,41,83,213,228,441,58,37,95,313,306,619
ILOC70301201,365,288,239,527,30,27,57,406,461,867,211,166,377,647,654,1301
ILOC70301202,475,328,227,555,22,35,57,316,325,641,293,188,481,631,548,1179
ILOC70301301,523,390,341,731,131,148,279,1051,1234,2285,288,257,545,1470,1639,3109
ILOC70301302,304,198,204,402,67,74,141,300,333,633,165,157,322,532,564,1096
ILOC70301303,207,183,136,319,54,85,139,600,670,1270,129,90,219,783,845,1628
ILOC70301304,277,204,212,416,102,92,194,299,373,672,149,140,289,550,605,1155
ILOC70301305,419,277,277,554,146,141,287,267,294,561,215,222,437,628,657,1285
ILOC70301306,0,4,3,7,7,9,16,0,0,0,0,0,0,7,9,16
ILOC70301307,331,230,215,445,96,98,194,347,375,722,177,168,345,620,641,1261
ILOC70301401,511,384,290,674,72,80,152,822,863,1685,295,232,527,1189,1175,2364
ILOC70301402,180,138,140,278,55,40,95,250,283,533,90,99,189,395,422,817
ILOC70400101,34,37,15,52,21,6,27,33,25,58,25,9,34,79,40,119
ILOC70400102,0,3,0,3,24,13,37,0,0,0,0,0,0,24,13,37
ILOC70400103,8,18,12,30,51,50,101,11,8,19,3,5,8,65,63,128
ILOC70400104,0,3,4,7,54,57,111,3,3,6,0,0,0,57,60,117
ILOC70400105,3,4,3,7,38,25,63,3,3,6,0,3,3,41,31,72
ILOC70400106,11,24,13,37,26,31,57,28,24,52,6,5,11,60,60,120
ILOC70400201,116,83,52,135,35,44,79,84,67,151,71,48,119,190,159,349
ILOC70400202,90,72,50,122,41,28,69,48,44,92,55,38,93,144,110,254
ILOC70400203,3,11,3,14,17,7,24,0,0,0,0,3,3,17,10,27
ILOC70400301,17,80,50,130,350,308,658,22,30,52,13,4,17,385,342,727
ILOC70400302,0,0,9,9,42,41,83,0,0,0,0,0,0,42,41,83
ILOC70400401,3,7,3,10,19,14,33,0,0,0,3,0,3,22,14,36
ILOC70400402,6,40,39,79,203,188,391,13,11,24,6,0,6,222,199,421
ILOC70400403,0,3,0,3,9,13,22,0,0,0,0,0,0,9,13,22
ILOC70400404,0,0,0,0,14,8,22,0,0,0,0,0,0,14,8,22
ILOC70400405,4,5,11,16,57,43,100,3,12,15,0,4,4,60,59,119
ILOC70400406,0,4,3,7,82,71,153,0,0,0,0,0,0,82,71,153
ILOC70400501,0,7,5,12,30,25,55,0,0,0,0,0,0,30,25,55
ILOC70400502,11,53,45,98,315,304,619,4,15,19,5,6,11,324,325,649
ILOC70400601,0,10,9,19,61,57,118,0,3,3,0,0,0,61,60,121
ILOC70400602,4,11,0,11,48,40,88,3,0,3,4,0,4,55,40,95
ILOC70400603,5,12,3,15,55,31,86,7,0,7,5,0,5,67,31,98
ILOC70400604,8,39,44,83,223,253,476,13,18,31,8,3,11,244,274,518
ILOC70500101,7,85,96,181,103,114,217,15,15,30,3,4,7,121,133,254
ILOC70500102,5,5,0,5,26,27,53,0,3,3,5,0,5,31,30,61
ILOC70500103,3,22,17,39,36,25,61,0,0,0,3,0,3,39,25,64
ILOC70500201,0,14,11,25,33,38,71,0,0,0,0,0,0,33,38,71
ILOC70500202,10,12,16,28,49,43,92,10,6,16,6,4,10,65,53,118
ILOC70500301,3,14,6,20,36,40,76,0,0,0,3,0,3,39,40,79
ILOC70500302,3,6,6,12,36,45,81,0,0,0,3,0,3,39,45,84
ILOC70500303,15,18,16,34,4,10,14,20,29,49,8,7,15,32,46,78
ILOC70500304,0,3,8,11,50,44,94,3,0,3,0,0,0,53,44,97
ILOC70500305,0,4,5,9,18,11,29,0,0,0,0,0,0,18,11,29
ILOC70500306,3,19,25,44,23,25,48,12,16,28,0,3,3,35,44,79
ILOC70500307,0,8,17,25,61,73,134,0,0,0,0,0,0,61,73,134
ILOC70500401,8,66,48,114,64,64,128,17,14,31,8,0,8,89,78,167
ILOC70500402,3,13,17,30,102,109,211,3,0,3,0,3,3,105,112,217
ILOC70500403,0,0,0,0,23,18,41,0,0,0,0,0,0,23,18,41
ILOC70500404,0,10,7,17,43,47,90,3,0,3,0,0,0,46,47,93
ILOC70500405,0,11,10,21,7,13,20,4,0,4,0,0,0,11,13,24
ILOC70500501,7,12,12,24,47,30,77,0,0,0,0,7,7,47,37,84
ILOC70500502,692,564,492,1056,313,330,643,741,829,1570,388,326,714,1442,1485,2927
ILOC70500503,0,7,6,13,27,24,51,0,0,0,3,0,3,30,24,54
ILOC70500504,4,13,3,16,30,15,45,0,0,0,7,3,10,37,18,55
ILOC70500601,20,24,35,59,106,119,225,6,3,9,8,12,20,120,134,254
ILOC70500701,13,23,31,54,157,183,340,6,3,9,8,8,16,171,194,365
ILOC70500801,0,3,0,3,9,15,24,0,0,0,0,0,0,9,15,24
ILOC70500802,0,10,18,28,23,41,64,3,3,6,0,0,0,26,44,70
ILOC70500803,4,26,10,36,3,0,3,28,10,38,4,0,4,35,10,45
ILOC70500804,0,18,18,36,31,16,47,6,14,20,0,0,0,37,30,67
ILOC70500805,7,20,9,29,3,9,12,20,10,30,4,3,7,27,22,49
ILOC70500901,6,3,6,9,29,23,52,0,0,0,3,3,6,32,26,58
ILOC70500902,0,6,5,11,10,8,18,9,8,17,0,0,0,19,16,35
ILOC70500903,6,9,10,19,51,49,100,0,3,3,3,3,6,54,55,109
ILOC70600101,47,51,22,73,20,21,41,109,88,197,39,12,51,168,121,289
ILOC70600102,3,25,22,47,148,129,277,0,3,3,6,0,6,154,132,286
ILOC70600103,0,3,3,6,8,17,25,3,0,3,0,0,0,11,17,28
ILOC70600104,0,3,3,6,12,22,34,3,0,3,0,0,0,15,22,37
ILOC70600105,0,9,9,18,64,61,125,0,6,6,0,0,0,64,67,131
ILOC70600201,4,50,26,76,164,114,278,0,5,5,4,0,4,168,119,287
ILOC70600202,0,13,21,34,37,33,70,0,0,0,0,0,0,37,33,70
ILOC70600301,0,6,3,9,22,22,44,0,0,0,0,0,0,22,22,44
ILOC70600302,0,4,3,7,14,12,26,0,0,0,0,0,0,14,12,26
ILOC70600303,0,0,0,0,4,4,8,0,0,0,0,0,0,4,4,8
ILOC70600304,0,10,8,18,57,65,122,0,0,0,0,0,0,57,65,122
ILOC70600305,6,6,6,12,23,16,39,0,0,0,3,3,6,26,19,45
ILOC70600401,8,72,48,120,347,324,671,18,23,41,9,4,13,374,351,725
ILOC70600402,0,28,26,54,98,105,203,3,3,6,4,0,4,105,108,213
ILOC70600501,0,4,4,8,21,23,44,3,0,3,0,0,0,24,23,47
ILOC70600502,266,183,167,350,71,76,147,499,518,1017,150,132,282,720,726,1446
ILOC70600601,13,44,39,83,110,116,226,3,0,3,6,10,16,119,126,245
ILOC70600701,6,20,11,31,186,166,352,5,0,5,6,0,6,197,166,363
ILOC70600702,3,6,10,16,119,129,248,10,5,15,0,6,6,129,140,269
ILOC70600703,0,0,3,3,32,38,70,0,0,0,0,0,0,32,38,70
ILOC70600801,0,50,66,116,117,126,243,18,34,52,0,0,0,135,160,295
ILOC70700101,5,23,21,44,80,71,151,5,4,9,0,5,5,85,80,165
ILOC70700201,0,6,4,10,48,43,91,0,3,3,0,0,0,48,46,94
ILOC70700301,13,17,10,27,22,17,39,7,5,12,8,5,13,37,27,64
ILOC70700302,16,18,8,26,6,7,13,7,7,14,11,5,16,24,19,43
ILOC70700303,0,3,3,6,15,20,35,0,0,0,0,0,0,15,20,35
ILOC70700304,41,26,33,59,26,27,53,6,0,6,18,23,41,50,50,100
ILOC70700305,3,3,8,11,8,15,23,0,0,0,0,3,3,8,18,26
ILOC70700401,12,26,26,52,56,50,106,8,8,16,7,5,12,71,63,134
ILOC70700501,0,0,0,0,3,3,6,0,0,0,0,0,0,3,3,6
ILOC70700502,0,30,29,59,36,38,74,3,0,3,0,0,0,39,38,77
ILOC70700503,3,52,62,114,97,87,184,0,0,0,3,0,3,100,87,187
ILOC70700504,211,227,194,421,224,190,414,102,135,237,110,110,220,436,435,871
ILOC70700601,0,3,6,9,30,40,70,6,0,6,0,0,0,36,40,76
ILOC70700602,0,6,0,6,36,48,84,0,0,0,0,0,0,36,48,84
ILOC79499494,206,158,118,276,16,20,36,81,77,158,127,79,206,224,176,400
ILOC79799797,10,7,3,10,0,0,0,0,3,3,7,3,10,7,6,13
ILOC80100101,3387,2687,2586,5273,236,222,458,12356,12890,25246,1929,1679,3608,14521,14791,29312
ILOC80100102,2470,1917,1520,3437,111,108,219,8371,8088,16459,1499,1055,2554,9981,9251,19232
ILOC80100103,1114,995,869,1864,138,133,271,7090,7366,14456,672,563,1235,7900,8062,15962
ILOC80100201,2286,2381,1812,4193,250,230,480,10498,10458,20956,1404,1020,2424,12152,11708,23860
ILOC80100202,1977,1894,1745,3639,369,398,767,11352,11830,23182,1168,991,2159,12889,13219,26108
ILOC80100301,16,22,15,37,4,0,4,88,83,171,11,8,19,103,91,194
ILOC89499494,29,45,18,63,6,3,9,86,68,154,22,7,29,114,78,192
ILOC89799797,0,0,0,0,0,0,0,0,0,0,0,0,0,0,0,0
ILOC90100101,68,813,71,884,6,0,6,886,155,1041,37,37,74,929,192,1121
ILOC90100201,3,24,14,38,0,0,0,64,56,120,6,10,16,70,66,136
ILOC90200101,14,11,3,14,6,10,16,23,10,33,11,3,14,40,23,63
ILOC90200102,0,0,7,7,30,37,67,0,0,0,0,0,0,30,37,67
ILOC99499494,0,0,0,0,0,0,0,3,4,7,0,0,0,3,4,7
ILOC99799797,0,0,0,0,0,0,0,3,0,3,0,0,0,3,0,3
