region_id,Indigenous_Aboriginal_M,Indigenous_Aboriginal_F,Indigenous_Aboriginal_P,Indigenous_Torres_Strait_Is_M,Indigenous_Torres_Strait_Is_F,Indigenous_Torres_Strait_Is_P,Indig_Bth_Abor_Torr_Strt_Is_M,Indig_Bth_Abor_Torr_Strt_Is_F,Indig_Bth_Abor_Torr_Strt_Is_P,Indigenous_TotM,Indigenous_TotF,Indigenous_TotP,Non_Indig_M,Non_Indig_F,Non_Indig_P,Indigenous_status_nsM,Indigenous_status_nsF,Indigenous_status_nsP,Tot_M,Tot_F,Tot_P
ILOC10100101,198,211,409,4,4,8,0,3,3,202,218,420,1179,1118,2297,100,93,193,1481,1429,2910
ILOC10100201,964,1121,2085,5,11,16,16,16,32,985,1148,2133,5314,6066,11380,228,232,460,6527,7446,13973
ILOC10100202,198,248,446,0,4,4,0,0,0,198,252,450,1235,1400,2635,127,119,246,1560,1771,3331
ILOC10100203,356,361,717,8,8,16,3,6,9,367,375,742,3168,3527,6695,176,152,328,3711,4054,7765
ILOC10100204,180,157,337,4,4,8,4,0,4,188,161,349,3220,3022,6242,235,202,437,3643,3385,7028
ILOC10100205,624,645,1269,9,15,24,3,14,17,636,674,1310,2601,2690,5291,126,115,241,3363,3479,6842
ILOC10100301,267,256,523,3,3,6,0,4,4,270,263,533,1691,1852,3543,107,117,224,2068,2232,4300
ILOC10100401,404,477,881,12,7,19,11,4,15,427,488,915,1312,1406,2718,81,77,158,1820,1971,3791
ILOC10100402,77,89,166,0,0,0,0,4,4,77,93,170,962,803,1765,61,47,108,1100,943,2043
ILOC10100403,109,112,221,0,3,3,0,0,0,109,115,224,303,295,598,17,12,29,429,422,851
ILOC10100501,377,371,748,4,7,11,3,3,6,384,381,765,4187,4515,8702,287,273,560,4858,5169,10027
ILOC10100502,104,117,221,0,0,0,4,0,4,108,117,225,1601,1505,3106,123,101,224,1832,1723,3555
ILOC10100503,93,109,202,0,0,0,0,0,0,93,109,202,254,268,522,17,14,31,364,391,755
ILOC10100601,151,207,358,0,0,0,0,0,0,151,207,358,1140,1104,2244,61,46,107,1352,1357,2709
ILOC10100701,211,218,429,0,0,0,3,0,3,214,218,432,909,1079,1988,82,74,156,1205,1371,2576
ILOC10100702,179,178,357,0,7,7,10,3,13,189,188,377,2559,2394,4953,152,119,271,2900,2701,5601
ILOC10100801,550,547,1097,13,3,16,9,8,17,572,558,1130,1481,1664,3145,135,129,264,2188,2351,4539
ILOC10100802,412,178,590,7,4,11,3,6,9,422,188,610,1887,1651,3538,85,77,162,2394,1916,4310
ILOC10200101,689,802,1491,7,7,14,11,6,17,707,815,1522,10275,11132,21407,619,712,1331,11601,12659,24260
ILOC10200201,238,220,458,7,6,13,9,8,17,254,234,488,3840,3981,7821,191,155,346,4285,4370,8655
ILOC10200301,539,547,1086,5,3,8,6,6,12,550,556,1106,3105,3302,6407,197,179,376,3852,4037,7889
ILOC10200302,130,113,243,4,4,8,0,0,0,134,117,251,1925,1767,3692,120,108,228,2179,1992,4171
ILOC10200401,131,125,256,5,6,11,0,3,3,136,134,270,1857,1873,3730,109,93,202,2102,2100,4202
ILOC10200402,82,92,174,0,0,0,4,0,4,86,92,178,170,165,335,8,6,14,264,263,527
ILOC10200501,87,74,161,18,9,27,0,0,0,105,83,188,2280,2265,4545,71,55,126,2456,2403,4859
ILOC10200502,521,479,1000,19,14,33,8,12,20,548,505,1053,7015,7420,14435,339,251,590,7902,8176,16078
ILOC10200601,63,69,132,7,0,7,0,4,4,70,73,143,1583,1459,3042,103,82,185,1756,1614,3370
ILOC10200602,152,174,326,0,9,9,0,4,4,152,187,339,1046,1123,2169,44,28,72,1242,1338,2580
ILOC10200603,47,39,86,0,0,0,3,0,3,50,39,89,3,0,3,0,0,0,53,39,92
ILOC10200604,122,116,238,3,3,6,3,0,3,128,119,247,578,569,1147,19,26,45,725,714,1439
ILOC10200701,165,173,338,0,0,0,0,8,8,165,181,346,1064,1081,2145,130,94,224,1359,1356,2715
ILOC10200702,443,512,955,5,10,15,5,4,9,453,526,979,1000,947,1947,221,249,470,1674,1722,3396
ILOC10200703,96,95,191,3,0,3,3,3,6,102,98,200,610,617,1227,37,37,74,749,752,1501
ILOC10200704,145,173,318,0,3,3,0,0,0,145,176,321,34,41,75,34,27,61,213,244,457
ILOC10200801,176,188,364,0,0,0,0,3,3,176,191,367,130,109,239,11,11,22,317,311,628
ILOC10200802,115,106,221,0,0,0,0,0,0,115,106,221,1958,1686,3644,99,52,151,2172,1844,4016
ILOC10200803,42,80,122,3,3,6,0,3,3,45,86,131,168,162,330,12,12,24,225,260,485
ILOC10200804,113,118,231,0,0,0,0,0,0,113,118,231,53,38,91,0,0,0,166,156,322
ILOC10200901,308,336,644,4,9,13,4,0,4,316,345,661,4949,4800,9749,334,298,632,5599,5443,11042
ILOC10200902,110,71,181,6,0,6,0,0,0,116,71,187,2295,1972,4267,157,138,295,2568,2181,4749
ILOC10201001,288,314,602,3,16,19,11,4,15,302,334,636,2169,2253,4422,106,116,222,2577,2703,5280
ILOC10201002,180,208,388,7,0,7,6,3,9,193,211,404,2713,2572,5285,162,136,298,3068,2919,5987
ILOC10201003,175,167,342,0,0,0,0,0,0,175,167,342,604,606,1210,52,49,101,831,822,1653
ILOC10201101,1749,1835,3584,31,43,74,22,32,54,1802,1910,3712,15991,17061,33052,976,996,1972,18769,19967,38736
ILOC10201102,459,479,938,18,15,33,23,8,31,500,502,1002,7839,7918,15757,303,281,584,8642,8701,17343
ILOC10201201,64,73,137,0,0,0,0,0,0,64,73,137,0,0,0,0,0,0,64,73,137
ILOC10201202,147,159,306,3,5,8,4,7,11,154,171,325,2961,3015,5976,214,160,374,3329,3346,6675
ILOC10201301,261,241,502,7,10,17,8,9,17,276,260,536,6305,6331,12636,286,298,584,6867,6889,13756
ILOC10201401,158,170,328,0,0,0,5,4,9,163,174,337,2442,2530,4972,130,103,233,2735,2807,5542
ILOC10201402,113,115,228,0,0,0,0,0,0,113,115,228,1430,1444,2874,52,37,89,1595,1596,3191
ILOC10300101,345,398,743,0,7,7,6,6,12,351,411,762,502,513,1015,148,121,269,1001,1045,2046
ILOC10300102,59,46,105,0,0,0,0,0,0,59,46,105,340,280,620,60,39,99,459,365,824
ILOC10300201,292,314,606,3,0,3,0,0,0,295,314,609,141,125,266,25,23,48,461,462,923
ILOC10300202,131,119,250,0,0,0,0,6,6,131,125,256,162,144,306,28,21,49,321,290,611
ILOC10300203,75,101,176,0,0,0,0,0,0,75,101,176,21,18,39,0,0,0,96,119,215
ILOC10300301,261,233,494,4,6,10,3,5,8,268,244,512,1945,1819,3764,196,148,344,2409,2211,4620
ILOC10300302,55,43,98,0,0,0,0,0,0,55,43,98,0,0,0,0,0,0,55,43,98
ILOC10300401,426,479,905,0,0,0,0,0,0,426,479,905,665,699,1364,95,82,177,1186,1260,2446
ILOC10300402,56,45,101,0,0,0,0,0,0,56,45,101,558,474,1032,28,28,56,642,547,1189
ILOC10300403,80,85,165,0,0,0,0,0,0,80,85,165,96,91,187,8,7,15,184,183,367
ILOC10300501,638,717,1355,11,8,19,13,8,21,662,733,1395,7824,8200,16024,531,567,1098,9017,9500,18517
ILOC10300502,90,61,151,0,0,0,0,0,0,90,61,151,784,633,1417,43,20,63,917,714,1631
ILOC10300503,89,91,180,0,0,0,0,0,0,89,91,180,128,108,236,26,7,33,243,206,449
ILOC10300504,203,263,466,0,0,0,0,0,0,203,263,466,70,66,136,3,0,3,276,329,605
ILOC10300601,82,100,182,0,0,0,0,3,3,82,103,185,105,87,192,4,4,8,191,194,385
ILOC10300602,26,37,63,0,0,0,0,3,3,26,40,66,0,0,0,0,0,0,26,40,66
ILOC10300603,201,221,422,0,3,3,3,0,3,204,224,428,510,438,948,69,53,122,783,715,1498
ILOC10300604,51,41,92,0,0,0,0,0,0,51,41,92,0,0,0,0,0,0,51,41,92
ILOC10300605,379,438,817,3,0,3,3,0,3,385,438,823,363,292,655,77,71,148,825,801,1626
ILOC10300606,109,97,206,0,0,0,4,6,10,113,103,216,1374,1017,2391,133,74,207,1620,1194,2814
ILOC10400101,94,109,203,0,0,0,0,0,0,94,109,203,628,588,1216,15,15,30,737,712,1449
ILOC10400102,239,331,570,10,6,16,13,8,21,262,345,607,6985,7852,14837,333,328,661,7580,8525,16105
ILOC10400103,190,205,395,3,7,10,4,3,7,197,215,412,9937,10605,20542,357,337,694,10491,11157,21648
ILOC10400201,207,228,435,24,18,42,16,22,38,247,268,515,13148,13913,27061,903,757,1660,14298,14938,29236
ILOC10400301,371,443,814,16,26,42,21,19,40,408,488,896,8078,8742,16820,601,533,1134,9087,9763,18850
ILOC10400302,449,328,777,18,7,25,5,9,14,472,344,816,8981,8561,17542,391,340,731,9844,9245,19089
ILOC10400303,357,365,722,0,8,8,6,9,15,363,382,745,5809,6035,11844,228,241,469,6400,6658,13058
ILOC10400401,46,60,106,0,0,0,0,0,0,46,60,106,163,131,294,13,20,33,222,211,433
ILOC10400402,127,138,265,6,12,18,4,0,4,137,150,287,2407,2210,4617,144,104,248,2688,2464,5152
ILOC10400403,750,761,1511,23,13,36,8,16,24,781,790,1571,10125,10781,20906,455,452,907,11361,12023,23384
ILOC10400404,123,149,272,7,6,13,0,3,3,130,158,288,2655,2843,5498,115,131,246,2900,3132,6032
ILOC10400405,294,273,567,5,8,13,9,5,14,308,286,594,6788,6802,13590,245,236,481,7341,7324,14665
ILOC10400501,178,183,361,7,4,11,7,0,7,192,187,379,5687,6100,11787,194,161,355,6073,6448,12521
ILOC10400502,133,128,261,0,0,0,0,0,0,133,128,261,390,387,777,27,26,53,550,541,1091
ILOC10400503,923,1017,1940,31,31,62,28,30,58,982,1078,2060,23886,25071,48957,1206,1184,2390,26074,27333,53407
ILOC10400504,97,120,217,0,0,0,0,3,3,97,123,220,1195,1412,2607,69,69,138,1361,1604,2965
ILOC10400505,141,148,289,4,3,7,3,0,3,148,151,299,4047,4029,8076,169,124,293,4364,4304,8668
ILOC10400506,275,282,557,3,12,15,3,4,7,281,298,579,2424,2681,5105,108,124,232,2813,3103,5916
ILOC10400507,341,392,733,7,7,14,6,5,11,354,404,758,6504,7238,13742,269,241,510,7127,7883,15010
ILOC10400601,124,127,251,5,3,8,3,3,6,132,133,265,3885,3841,7726,172,156,328,4189,4130,8319
ILOC10400602,113,114,227,0,0,0,0,0,0,113,114,227,2230,2256,4486,81,75,156,2424,2445,4869
ILOC10400701,510,502,1012,29,19,48,10,18,28,549,539,1088,30212,32776,62988,1418,1368,2786,32179,34683,66862
ILOC10400702,1178,1193,2371,34,32,66,21,16,37,1233,1241,2474,42364,45807,88171,2546,2387,4933,46143,49435,95578
ILOC10400801,287,257,544,5,8,13,4,8,12,296,273,569,7298,7195,14493,403,354,757,7997,7822,15819
ILOC10400802,249,288,537,7,5,12,0,7,7,256,300,556,5445,5933,11378,365,434,799,6066,6667,12733
ILOC10400803,104,83,187,4,3,7,0,0,0,108,86,194,2516,2839,5355,129,120,249,2753,3045,5798
ILOC10400901,563,659,1222,3,4,7,12,5,17,578,668,1246,2523,2931,5454,142,168,310,3243,3767,7010
ILOC10400902,491,349,840,8,5,13,17,6,23,516,360,876,5936,5453,11389,306,265,571,6758,6078,12836
ILOC10400903,71,82,153,0,0,0,0,0,0,71,82,153,384,319,703,36,33,69,491,434,925
ILOC10400904,271,300,571,0,3,3,4,7,11,275,310,585,946,952,1898,57,58,115,1278,1320,2598
ILOC10400905,123,134,257,0,0,0,6,0,6,129,134,263,2138,2210,4348,101,104,205,2368,2448,4816
ILOC10401001,141,122,263,6,9,15,0,0,0,147,131,278,3902,3889,7791,225,194,419,4274,4214,8488
ILOC10401002,100,100,200,0,0,0,0,3,3,100,103,203,214,209,423,9,15,24,323,327,650
ILOC10401101,814,887,1701,22,31,53,10,13,23,846,931,1777,27963,29410,57373,1134,1140,2274,29943,31481,61424
ILOC10401102,955,1054,2009,14,19,33,10,7,17,979,1080,2059,34597,36354,70951,1192,1073,2265,36768,38507,75275
ILOC10401103,828,850,1678,26,18,44,24,14,38,878,882,1760,23904,25098,49002,869,767,1636,25651,26747,52398
ILOC10401201,350,401,751,12,10,22,18,17,35,380,428,808,5397,6143,11540,177,192,369,5954,6763,12717
ILOC10401202,187,185,372,7,8,15,9,6,15,203,199,402,4367,4471,8838,259,237,496,4829,4907,9736
ILOC10401203,183,179,362,3,3,6,7,3,10,193,185,378,3721,3987,7708,119,131,250,4033,4303,8336
ILOC10401204,148,159,307,0,5,5,10,3,13,158,167,325,5632,5552,11184,325,226,551,6115,5945,12060
ILOC10401301,1068,1170,2238,36,26,62,26,31,57,1130,1227,2357,30479,31960,62439,1346,1222,2568,32955,34409,67364
ILOC10401401,553,552,1105,14,14,28,13,8,21,580,574,1154,23210,23299,46509,1410,1271,2681,25200,25144,50344
ILOC10401402,696,733,1429,28,25,53,20,7,27,744,765,1509,20291,21219,41510,805,744,1549,21840,22728,44568
ILOC10401403,624,589,1213,17,21,38,5,15,20,646,625,1271,24215,25860,50075,1197,978,2175,26058,27463,53521
ILOC10401501,345,324,669,4,10,14,13,3,16,362,337,699,11344,11554,22898,563,524,1087,12269,12415,24684
ILOC10401502,594,618,1212,13,14,27,20,19,39,627,651,1278,18314,20689,39003,804,712,1516,19745,22052,41797
ILOC10401503,210,214,424,5,4,9,0,5,5,215,223,438,2582,2934,5516,134,146,280,2931,3303,6234
ILOC10401601,79,88,167,0,0,0,3,0,3,82,88,170,443,395,838,35,23,58,560,506,1066
ILOC10401602,130,140,270,0,3,3,0,0,0,130,143,273,4078,4186,8264,157,146,303,4365,4475,8840
ILOC10401603,149,162,311,18,13,31,6,3,9,173,178,351,7833,8601,16434,646,570,1216,8652,9349,18001
ILOC10401604,319,346,665,10,11,21,3,15,18,332,372,704,11050,10953,22003,566,525,1091,11948,11850,23798
ILOC10401605,392,414,806,7,8,15,6,7,13,405,429,834,5739,6030,11769,306,316,622,6450,6775,13225
ILOC10401701,420,498,918,9,4,13,0,4,4,429,506,935,4389,4700,9089,232,219,451,5050,5425,10475
ILOC10401702,89,92,181,3,0,3,0,3,3,92,95,187,461,498,959,34,34,68,587,627,1214
ILOC10401703,163,143,306,8,5,13,10,8,18,181,156,337,4902,4758,9660,221,184,405,5304,5098,10402
ILOC10401801,393,414,807,14,9,23,6,8,14,413,431,844,10705,10199,20904,515,406,921,11633,11036,22669
ILOC10401901,85,70,155,0,0,0,0,0,0,85,70,155,157,131,288,3,3,6,245,204,449
ILOC10401902,646,703,1349,20,12,32,14,23,37,680,738,1418,7348,8212,15560,415,428,843,8443,9378,17821
ILOC10401903,329,343,672,23,5,28,12,5,17,364,353,717,10861,11043,21904,571,513,1084,11796,11909,23705
ILOC10401904,99,108,207,0,0,0,0,0,0,99,108,207,1951,2171,4122,94,93,187,2144,2372,4516
ILOC10402001,211,214,425,19,30,49,20,11,31,250,255,505,9444,9649,19093,575,571,1146,10269,10475,20744
ILOC10402002,177,159,336,18,12,30,23,14,37,218,185,403,5242,5553,10795,215,190,405,5675,5928,11603
ILOC10402003,790,801,1591,101,91,192,128,122,250,1019,1014,2033,22871,25478,48349,1179,1198,2377,25069,27690,52759
ILOC10402101,1491,1511,3002,27,42,69,27,39,66,1545,1592,3137,34668,36966,71634,1560,1547,3107,37773,40105,77878
ILOC10402102,1045,1164,2209,48,33,81,19,19,38,1112,1216,2328,31891,34553,66444,1603,1497,3100,34606,37266,71872
ILOC10500101,71,80,151,4,3,7,8,3,11,83,86,169,6126,6598,12724,213,201,414,6422,6885,13307
ILOC10500102,435,456,891,20,18,38,5,6,11,460,480,940,15469,16753,32222,910,795,1705,16839,18028,34867
ILOC10500201,39,52,91,6,3,9,0,0,0,45,55,100,487,482,969,57,34,91,589,571,1160
ILOC10500202,127,146,273,0,4,4,6,0,6,133,150,283,2867,2556,5423,180,109,289,3180,2815,5995
ILOC10500203,54,66,120,3,0,3,0,6,6,57,72,129,0,0,0,0,0,0,57,72,129
ILOC10500204,80,100,180,0,0,0,3,3,6,83,103,186,150,155,305,15,10,25,248,268,516
ILOC10500205,66,72,138,0,0,0,4,0,4,70,72,142,495,506,1001,45,39,84,610,617,1227
ILOC10500301,828,739,1567,14,19,33,16,19,35,858,777,1635,17517,17535,35052,920,841,1761,19295,19153,38448
ILOC10500401,260,272,532,4,7,11,12,4,16,276,283,559,8953,8906,17859,311,327,638,9540,9516,19056
ILOC10500501,47,62,109,0,0,0,0,0,0,47,62,109,1450,1236,2686,71,54,125,1568,1352,2920
ILOC10500502,98,85,183,6,0,6,4,3,7,108,88,196,374,340,714,49,58,107,531,486,1017
ILOC10500503,53,46,99,0,0,0,0,0,0,53,46,99,447,417,864,15,17,32,515,480,995
ILOC10500601,240,238,478,10,8,18,3,0,3,253,246,499,8362,8214,16576,458,386,844,9073,8846,17919
ILOC10500701,252,233,485,11,11,22,0,4,4,263,248,511,9001,9159,18160,356,316,672,9620,9723,19343
ILOC10500801,133,150,283,0,5,5,7,0,7,140,155,295,3282,3527,6809,193,148,341,3615,3830,7445
ILOC10500901,399,366,765,12,7,19,3,9,12,414,382,796,5394,5495,10889,355,327,682,6163,6204,12367
ILOC10501001,136,105,241,4,9,13,3,0,3,143,114,257,3122,3384,6506,188,170,358,3453,3668,7121
ILOC10501002,108,121,229,0,0,0,0,0,0,108,121,229,3221,3223,6444,164,120,284,3493,3464,6957
ILOC10501101,409,436,845,13,11,24,10,4,14,432,451,883,3900,3966,7866,158,159,317,4490,4576,9066
ILOC10501201,484,497,981,10,5,15,3,3,6,497,505,1002,10883,10934,21817,831,676,1507,12211,12115,24326
ILOC10501202,298,342,640,0,13,13,0,0,0,298,355,653,4913,4970,9883,292,346,638,5503,5671,11174
ILOC10501301,381,220,601,13,6,19,11,3,14,405,229,634,6252,5653,11905,308,242,550,6965,6124,13089
ILOC10501401,322,373,695,6,4,10,5,3,8,333,380,713,948,986,1934,60,46,106,1341,1412,2753
ILOC10501402,66,68,134,3,0,3,0,0,0,69,68,137,1427,1307,2734,64,50,114,1560,1425,2985
ILOC10501403,109,120,229,0,0,0,0,0,0,109,120,229,424,450,874,29,22,51,562,592,1154
ILOC10501501,465,389,854,26,19,45,0,0,0,491,408,899,9261,8953,18214,531,500,1031,10283,9861,20144
ILOC10501502,80,57,137,10,6,16,4,3,7,94,66,160,2493,2260,4753,103,91,194,2690,2417,5107
ILOC10501601,470,451,921,19,10,29,0,7,7,489,468,957,10725,10710,21435,803,582,1385,12017,11760,23777
ILOC10501701,280,301,581,3,0,3,3,0,3,286,301,587,2340,2394,4734,184,189,373,2810,2884,5694
ILOC10501801,184,192,376,0,6,6,3,0,3,187,198,385,3735,4049,7784,203,164,367,4125,4411,8536
ILOC10501802,226,241,467,11,5,16,0,3,3,237,249,486,2532,2659,5191,221,166,387,2990,3074,6064
ILOC10501803,108,127,235,4,0,4,4,5,9,116,132,248,3346,3612,6958,122,107,229,3584,3851,7435
ILOC10501804,270,259,529,4,6,10,5,7,12,279,272,551,1573,1645,3218,160,166,326,2012,2083,4095
ILOC10501805,61,63,124,3,0,3,3,0,3,67,63,130,1909,2199,4108,130,103,233,2106,2365,4471
ILOC10501806,56,53,109,3,3,6,0,0,0,59,56,115,2217,2147,4364,132,88,220,2408,2291,4699
ILOC10501807,61,66,127,3,0,3,0,3,3,64,69,133,1234,1273,2507,57,57,114,1355,1399,2754
ILOC10501901,195,268,463,3,11,14,9,6,15,207,285,492,5104,4917,10021,216,207,423,5527,5409,10936
ILOC10502001,255,235,490,15,10,25,10,9,19,280,254,534,13247,12996,26243,639,544,1183,14166,13794,27960
ILOC10502101,301,314,615,6,10,16,3,4,7,310,328,638,6576,6960,13536,215,226,441,7101,7514,14615
ILOC10502102,89,93,182,3,4,7,0,3,3,92,100,192,2902,3083,5985,160,126,286,3154,3309,6463
ILOC10502103,88,107,195,0,0,0,0,3,3,88,110,198,5308,5706,11014,159,157,316,5555,5973,11528
ILOC10502104,142,143,285,8,3,11,5,3,8,155,149,304,6045,5764,11809,219,191,410,6419,6104,12523
ILOC10502105,672,706,1378,9,0,9,5,9,14,686,715,1401,5865,6617,12482,238,270,508,6789,7602,14391
ILOC10502201,173,199,372,3,3,6,0,0,0,176,202,378,5432,5719,11151,298,295,593,5906,6216,12122
ILOC10600101,111,120,231,3,0,3,0,4,4,114,124,238,1751,1943,3694,97,125,222,1962,2192,4154
ILOC10600102,208,215,423,3,0,3,5,3,8,216,218,434,11553,11828,23381,535,511,1046,12304,12557,24861
ILOC10600103,115,108,223,4,3,7,0,5,5,119,116,235,1316,1412,2728,41,40,81,1476,1568,3044
ILOC10600201,324,382,706,8,5,13,3,0,3,335,387,722,6716,7234,13950,556,505,1061,7607,8126,15733
ILOC10600202,34,36,70,3,3,6,3,0,3,40,39,79,102,95,197,7,10,17,149,144,293
ILOC10600203,249,228,477,5,4,9,5,5,10,259,237,496,6614,6649,13263,306,318,624,7179,7204,14383
ILOC10600204,134,136,270,5,5,10,0,4,4,139,145,284,1057,1096,2153,50,44,94,1246,1285,2531
ILOC10600205,66,61,127,0,3,3,0,0,0,66,64,130,1244,1267,2511,61,55,116,1371,1386,2757
ILOC10600206,64,47,111,0,0,0,0,0,0,64,47,111,7,3,10,9,3,12,80,53,133
ILOC10600301,130,119,249,0,0,0,0,0,0,130,119,249,1452,1468,2920,66,56,122,1648,1643,3291
ILOC10600302,947,1019,1966,17,27,44,11,9,20,975,1055,2030,11021,11782,22803,794,806,1600,12790,13643,26433
ILOC10600303,985,969,1954,31,23,54,18,11,29,1034,1003,2037,28524,29262,57786,1616,1462,3078,31174,31727,62901
ILOC10600401,536,553,1089,10,12,22,17,10,27,563,575,1138,17489,17633,35122,991,755,1746,19043,18963,38006
ILOC10600402,310,279,589,9,17,26,5,8,13,324,304,628,16045,15680,31725,1235,1007,2242,17604,16991,34595
ILOC10600501,392,335,727,18,18,36,0,3,3,410,356,766,12736,12621,25357,588,490,1078,13734,13467,27201
ILOC10600502,227,221,448,3,5,8,3,3,6,233,229,462,11308,11420,22728,581,554,1135,12122,12203,24325
ILOC10600503,338,394,732,16,13,29,19,19,38,373,426,799,19981,21828,41809,921,869,1790,21275,23123,44398
ILOC10700101,240,181,421,10,4,14,7,6,13,257,191,448,35178,33122,68300,2790,2200,4990,38225,35513,73738
ILOC10700201,282,312,594,10,12,22,10,7,17,302,331,633,81274,83309,164583,2493,2325,4818,84069,85965,170034
ILOC10700301,349,352,701,6,3,9,0,4,4,355,359,714,1946,2262,4208,127,134,261,2428,2755,5183
ILOC10700302,140,146,286,4,5,9,3,3,6,147,154,301,1419,1477,2896,108,111,219,1674,1742,3416
ILOC10700303,212,202,414,8,13,21,7,7,14,227,222,449,13071,13035,26106,538,462,1000,13836,13719,27555
ILOC10700304,367,384,751,12,20,32,12,10,22,391,414,805,26058,26413,52471,1243,1115,2358,27692,27942,55634
ILOC10700305,69,88,157,0,3,3,0,0,0,69,91,160,1208,1227,2435,88,83,171,1365,1401,2766
ILOC10700306,408,465,873,11,15,26,6,12,18,425,492,917,14048,14529,28577,616,545,1161,15089,15566,30655
ILOC10700307,66,67,133,3,11,14,3,0,3,72,78,150,1039,1046,2085,86,73,159,1197,1197,2394
ILOC10700308,101,108,209,11,3,14,0,0,0,112,111,223,4531,4602,9133,188,152,340,4831,4865,9696
ILOC10700309,140,128,268,9,5,14,4,3,7,153,136,289,6995,7244,14239,362,322,684,7510,7702,15212
ILOC10700310,157,143,300,6,0,6,0,0,0,163,143,306,2172,2200,4372,78,84,162,2413,2427,4840
ILOC10700311,52,67,119,8,5,13,0,0,0,60,72,132,6305,6403,12708,217,196,413,6582,6671,13253
ILOC10700312,144,139,283,4,4,8,3,5,8,151,148,299,5766,5921,11687,301,296,597,6218,6365,12583
ILOC10700313,198,176,374,3,4,7,0,3,3,201,183,384,1862,2028,3890,205,176,381,2268,2387,4655
ILOC10700314,142,153,295,3,3,6,4,3,7,149,159,308,4398,4551,8949,216,204,420,4763,4914,9677
ILOC10700315,345,369,714,6,10,16,5,8,13,356,387,743,10404,10539,20943,662,622,1284,11422,11548,22970
ILOC10700316,236,113,349,6,4,10,6,8,14,248,125,373,14861,14391,29252,365,340,705,15474,14856,30330
ILOC10700317,180,181,361,5,0,5,3,6,9,188,187,375,12339,12455,24794,427,382,809,12954,13024,25978
ILOC10700318,121,133,254,3,3,6,3,3,6,127,139,266,5873,6253,12126,252,258,510,6252,6650,12902
ILOC10700319,282,274,556,13,3,16,4,0,4,299,277,576,2437,2579,5016,210,192,402,2946,3048,5994
ILOC10700320,190,228,418,0,0,0,7,0,7,197,228,425,2290,2372,4662,134,173,307,2621,2773,5394
ILOC10700401,73,79,152,3,5,8,3,3,6,79,87,166,6225,6511,12736,147,141,288,6451,6739,13190
ILOC10700402,196,184,380,3,0,3,0,7,7,199,191,390,11736,12418,24154,625,578,1203,12560,13187,25747
ILOC10700403,159,168,327,4,3,7,0,3,3,163,174,337,7673,8522,16195,765,753,1518,8601,9449,18050
ILOC10700404,140,129,269,0,0,0,0,0,0,140,129,269,4781,5262,10043,243,213,456,5164,5604,10768
ILOC10700405,72,71,143,3,3,6,0,0,0,75,74,149,3625,3969,7594,96,103,199,3796,4146,7942
ILOC10700501,282,309,591,8,9,17,3,3,6,293,321,614,18012,18415,36427,1181,1131,2312,19486,19867,39353
ILOC10700601,564,547,1111,7,9,16,6,5,11,577,561,1138,27148,28309,55457,1075,979,2054,28800,29849,58649
ILOC10700701,231,277,508,4,5,9,4,5,9,239,287,526,1236,1542,2778,110,93,203,1585,1922,3507
ILOC10700702,158,171,329,4,4,8,5,3,8,167,178,345,5370,5365,10735,418,439,857,5955,5982,11937
ILOC10700703,116,131,247,0,3,3,0,0,0,116,134,250,3865,4106,7971,262,256,518,4243,4496,8739
ILOC10700704,26,16,42,3,3,6,0,0,0,29,19,48,1033,1080,2113,46,39,85,1108,1138,2246
ILOC10700705,325,384,709,10,6,16,5,7,12,340,397,737,11280,11883,23163,675,588,1263,12295,12868,25163
ILOC10700706,208,239,447,8,20,28,3,4,7,219,263,482,4880,5230,10110,428,493,921,5527,5986,11513
ILOC10700707,134,151,285,6,7,13,0,3,3,140,161,301,7795,7833,15628,333,325,658,8268,8319,16587
ILOC10700708,273,326,599,15,10,25,8,5,13,296,341,637,9416,10035,19451,386,458,844,10098,10834,20932
ILOC10700709,147,199,346,6,6,12,0,3,3,153,208,361,5330,5574,10904,324,303,627,5807,6085,11892
ILOC10700710,180,204,384,4,6,10,3,3,6,187,213,400,7147,7107,14254,269,263,532,7603,7583,15186
ILOC10700711,114,155,269,0,4,4,0,0,0,114,159,273,3423,3619,7042,167,153,320,3704,3931,7635
ILOC10700712,83,86,169,7,3,10,0,0,0,90,89,179,2562,2564,5126,109,89,198,2761,2742,5503
ILOC10700713,90,103,193,6,3,9,4,3,7,100,109,209,2838,3077,5915,100,99,199,3038,3285,6323
ILOC10700801,104,103,207,4,8,12,0,3,3,108,114,222,28012,28779,56791,2277,2094,4371,30397,30987,61384
ILOC10700802,198,267,465,26,20,46,5,3,8,229,290,519,30794,31352,62146,1868,1707,3575,32891,33349,66240
ILOC10700803,286,317,603,11,18,29,8,3,11,305,338,643,25223,26669,51892,1114,1079,2193,26642,28086,54728
ILOC10700804,339,383,722,25,25,50,4,20,24,368,428,796,63813,64292,128105,4516,4037,8553,68697,68757,137454
ILOC10700901,411,410,821,41,30,71,10,11,21,462,451,913,54376,56614,110990,3084,2990,6074,57922,60055,117977
ILOC10700902,201,190,391,8,15,23,3,3,6,212,208,420,33964,34640,68604,1342,1234,2576,35518,36082,71600
ILOC10701001,222,197,419,3,3,6,3,3,6,228,203,431,11669,11417,23086,787,701,1488,12684,12321,25005
ILOC10701002,161,175,336,5,6,11,0,0,0,166,181,347,5631,5984,11615,258,286,544,6055,6451,12506
ILOC10701003,379,392,771,18,0,18,6,9,15,403,401,804,11057,11323,22380,481,466,947,11941,12190,24131
ILOC10701101,351,387,738,25,27,52,10,13,23,386,427,813,45467,46725,92192,2934,2621,5555,48787,49773,98560
ILOC10701201,294,341,635,26,35,61,5,10,15,325,386,711,124302,132933,257235,4140,4151,8291,128767,137470,266237
ILOC10701301,194,173,367,9,13,22,11,6,17,214,192,406,53914,57098,111012,2472,2366,4838,56600,59656,116256
ILOC10701401,202,239,441,19,13,32,10,7,17,231,259,490,36516,38910,75426,1496,1445,2941,38243,40614,78857
ILOC10701402,102,112,214,0,3,3,3,7,10,105,122,227,26004,27370,53374,1140,1064,2204,27249,28556,55805
ILOC10701501,135,134,269,3,5,8,4,3,7,142,142,284,9269,9740,19009,347,282,629,9758,10164,19922
ILOC10701502,914,917,1831,41,32,73,10,16,26,965,965,1930,29118,30458,59576,1075,1022,2097,31158,32445,63603
ILOC10701601,215,265,480,9,12,21,8,6,14,232,283,515,23009,25809,48818,1486,1378,2864,24727,27470,52197
ILOC10701701,859,915,1774,45,37,82,21,18,39,925,970,1895,47741,48866,96607,3760,3601,7361,52426,53437,105863
ILOC10701702,339,360,699,13,15,28,6,7,13,358,382,740,33852,34411,68263,1574,1550,3124,35784,36343,72127
ILOC10701801,3,0,3,0,0,0,0,0,0,3,0,3,171,179,350,3,5,8,177,184,361
ILOC10701901,476,560,1036,16,23,39,21,16,37,513,599,1112,34419,35672,70091,2911,2405,5316,37843,38676,76519
ILOC10702001,322,314,636,28,25,53,13,11,24,363,350,713,84177,88053,172230,3974,3572,7546,88514,91975,180489
ILOC10702002,127,108,235,4,3,7,4,7,11,135,118,253,26546,28024,54570,1230,1100,2330,27911,29242,57153
ILOC10702101,213,144,357,7,5,12,6,0,6,226,149,375,22839,21717,44556,2008,1639,3647,25073,23505,48578
ILOC10702102,157,162,319,7,9,16,0,5,5,164,176,340,21639,22489,44128,917,878,1795,22720,23543,46263
ILOC10702103,183,174,357,12,11,23,3,5,8,198,190,388,17278,18144,35422,648,654,1302,18124,18988,37112
ILOC10702104,144,138,282,7,10,17,5,4,9,156,152,308,16123,16013,32136,1521,1232,2753,17800,17397,35197
ILOC10702201,468,435,903,11,9,20,3,5,8,482,449,931,11250,11007,22257,561,469,1030,12293,11925,24218
ILOC10702202,167,155,322,4,9,13,0,0,0,171,164,335,9757,10278,20035,267,253,520,10195,10695,20890
ILOC10702203,412,464,876,7,3,10,6,12,18,425,479,904,12620,13684,26304,754,741,1495,13799,14904,28703
ILOC10702204,554,535,1089,9,16,25,8,8,16,571,559,1130,14672,15117,29789,674,661,1335,15917,16337,32254
ILOC10702205,465,529,994,9,14,23,11,13,24,485,556,1041,11380,11720,23100,781,638,1419,12646,12914,25560
ILOC10702206,366,343,709,9,4,13,0,6,6,375,353,728,15604,15607,31211,561,520,1081,16540,16480,33020
ILOC10702207,134,203,337,8,9,17,3,4,7,145,216,361,6376,6733,13109,220,190,410,6741,7139,13880
ILOC10702301,179,232,411,6,4,10,3,0,3,188,236,424,2127,2206,4333,180,197,377,2495,2639,5134
ILOC10702302,696,620,1316,34,31,65,25,14,39,755,665,1420,55567,58178,113745,4551,4139,8690,60873,62982,123855
ILOC10702401,277,264,541,18,9,27,4,3,7,299,276,575,44749,46245,90994,3066,2710,5776,48114,49231,97345
ILOC10702501,412,388,800,25,13,38,6,6,12,443,407,850,48245,51500,99745,2148,1854,4002,50836,53761,104597
ILOC10702502,440,397,837,17,20,37,10,3,13,467,420,887,50180,51981,102161,1685,1532,3217,52332,53933,106265
ILOC10702601,440,432,872,16,9,25,3,14,17,459,455,914,23378,21920,45298,2802,2284,5086,26639,24659,51298
ILOC10702602,231,167,398,10,3,13,8,7,15,249,177,426,24924,20119,45043,4041,2921,6962,29214,23217,52431
ILOC10702603,234,306,540,10,12,22,8,6,14,252,324,576,24355,24609,48964,4749,3776,8525,29356,28709,58065
ILOC10702604,114,126,240,0,7,7,10,4,14,124,137,261,3576,2703,6279,640,503,1143,4340,3343,7683
ILOC10702701,107,109,216,6,4,10,3,4,7,116,117,233,18557,19799,38356,1359,1265,2624,20032,21181,41213
ILOC10702702,52,62,114,5,0,5,0,0,0,57,62,119,14913,15701,30614,942,748,1690,15912,16511,32423
ILOC10702703,121,146,267,8,8,16,0,3,3,129,157,286,34224,36747,70971,2450,2056,4506,36803,38960,75763
ILOC10702704,57,32,89,5,4,9,0,4,4,62,40,102,16283,16278,32561,1313,1213,2526,17658,17531,35189
ILOC10702801,89,93,182,7,10,17,4,9,13,100,112,212,45475,48958,94433,2152,2092,4244,47727,51162,98889
ILOC10702802,82,67,149,8,4,12,0,0,0,90,71,161,38722,43711,82433,3668,3465,7133,42480,47247,89727
ILOC10702901,478,510,988,12,5,17,3,6,9,493,521,1014,19452,19396,38848,820,788,1608,20765,20705,41470
ILOC10703001,1985,2058,4043,61,66,127,27,31,58,2073,2155,4228,89041,91304,180345,4141,3725,7866,95255,97184,192439
ILOC10703101,118,109,227,4,8,12,3,3,6,125,120,245,27537,28903,56440,3599,3203,6802,31261,32226,63487
ILOC10703102,56,51,107,3,3,6,0,0,0,59,54,113,21731,24879,46610,2773,2662,5435,24563,27595,52158
ILOC19499494,481,372,853,21,12,33,18,8,26,520,392,912,6225,4450,10675,847,484,1331,7592,5326,12918
ILOC19799797,0,0,0,0,0,0,0,0,0,0,0,0,52,53,105,4,3,7,56,56,112
ILOC20100101,105,125,230,20,21,41,5,8,13,130,154,284,40676,41197,81873,2450,2281,4731,43256,43632,86888
ILOC20100102,171,173,344,26,22,48,17,8,25,214,203,417,44274,44239,88513,3598,3317,6915,48086,47759,95845
ILOC20100201,187,211,398,5,13,18,7,4,11,199,228,427,35015,35853,70868,1532,1441,2973,36746,37522,74268
ILOC20100301,310,296,606,12,20,32,12,0,12,334,316,650,49418,50625,100043,2145,2037,4182,51897,52978,104875
ILOC20100401,259,289,548,46,36,82,8,4,12,313,329,642,40767,41337,82104,1908,1816,3724,42988,43482,86470
ILOC20100402,328,350,678,26,35,61,10,8,18,364,393,757,78966,80271,159237,3133,2784,5917,82463,83448,165911
ILOC20100501,165,156,321,22,15,37,11,10,21,198,181,379,66213,69859,136072,3221,2755,5976,69632,72795,142427
ILOC20100502,147,161,308,15,18,33,3,3,6,165,182,347,23458,24454,47912,1028,982,2010,24651,25618,50269
ILOC20100503,292,306,598,32,22,54,0,11,11,324,339,663,34843,36732,71575,2033,1917,3950,37200,38988,76188
ILOC20100601,192,212,404,42,28,70,9,8,17,243,248,491,64355,63398,127753,3924,3437,7361,68522,67083,135605
ILOC20100701,271,231,502,11,15,26,6,8,14,288,254,542,70921,73771,144692,2224,1882,4106,73433,75907,149340
ILOC20100801,153,142,295,7,10,17,6,5,11,166,157,323,33185,32809,65994,3042,2276,5318,36393,35242,71635
ILOC20100802,138,138,276,13,21,34,5,3,8,156,162,318,49219,52637,101856,2686,2583,5269,52061,55382,107443
ILOC20100901,179,199,378,17,12,29,3,3,6,199,214,413,48651,51666,100317,1540,1570,3110,50390,53450,103840
ILOC20101001,63,76,139,4,11,15,0,0,0,67,87,154,41754,45805,87559,2020,2080,4100,43841,47972,91813
ILOC20101002,91,103,194,11,9,20,5,3,8,107,115,222,73286,79760,153046,3107,2808,5915,76500,82683,159183
ILOC20101003,188,175,363,16,11,27,7,13,20,211,199,410,102164,109824,211988,6174,5589,11763,108549,115612,224161
ILOC20101101,158,174,332,3,6,9,3,8,11,164,188,352,29535,31416,60951,1414,1225,2639,31113,32829,63942
ILOC20101102,66,71,137,5,6,11,4,0,4,75,77,152,52272,55543,107815,1721,1663,3384,54068,57283,111351
ILOC20101103,88,93,181,0,9,9,0,3,3,88,105,193,28966,29533,58499,841,810,1651,29895,30448,60343
ILOC20101104,119,129,248,9,8,17,3,0,3,131,137,268,25450,27154,52604,736,756,1492,26317,28047,54364
ILOC20101201,152,84,236,8,3,11,3,10,13,163,97,260,41037,42065,83102,5576,4689,10265,46776,46851,93627
ILOC20101202,133,126,259,8,11,19,5,0,5,146,137,283,41101,42635,83736,4067,3285,7352,45314,46057,91371
ILOC20101203,144,148,292,11,8,19,5,3,8,160,159,319,33076,35254,68330,2917,2523,5440,36153,37936,74089
ILOC20101301,374,363,737,19,18,37,9,9,18,402,390,792,51280,52136,103416,2582,2469,5051,54264,54995,109259
ILOC20101401,54,58,112,4,7,11,0,0,0,58,65,123,31004,32617,63621,1313,1140,2453,32375,33822,66197
ILOC20101402,60,51,111,0,4,4,3,3,6,63,58,121,22143,21970,44113,1246,929,2175,23452,22957,46409
ILOC20101403,43,48,91,11,3,14,3,3,6,57,54,111,26884,27995,54879,850,836,1686,27791,28885,56676
ILOC20101501,164,183,347,21,12,33,10,9,19,195,204,399,28683,29109,57792,2253,2243,4496,31131,31556,62687
ILOC20101502,80,89,169,7,10,17,6,10,16,93,109,202,20423,21913,42336,1371,1214,2585,21887,23236,45123
ILOC20101503,117,104,221,11,0,11,0,0,0,128,104,232,23510,24787,48297,1454,1195,2649,25092,26086,51178
ILOC20101504,120,116,236,16,14,30,5,0,5,141,130,271,23380,24211,47591,1627,1454,3081,25148,25795,50943
ILOC20101601,193,150,343,8,14,22,0,4,4,201,168,369,17631,17962,35593,788,701,1489,18620,18831,37451
ILOC20101602,175,188,363,3,12,15,7,11,18,185,211,396,22678,24214,46892,1406,1410,2816,24269,25835,50104
ILOC20101603,83,104,187,9,5,14,3,4,7,95,113,208,25895,28416,54311,1166,1371,2537,27156,29900,57056
ILOC20101701,130,161,291,4,6,10,9,4,13,143,171,314,21942,24026,45968,1227,1049,2276,23312,25246,48558
ILOC20101702,369,390,759,20,23,43,16,25,41,405,438,843,39984,41870,81854,2756,2465,5221,43145,44773,87918
ILOC20101703,507,529,1036,26,39,65,15,8,23,548,576,1124,72594,74323,146917,3649,3189,6838,76791,78088,154879
ILOC20101801,45,55,100,4,4,8,4,0,4,53,59,112,24633,27424,52057,1206,995,2201,25892,28478,54370
ILOC20101802,42,40,82,3,3,6,3,3,6,48,46,94,21394,22714,44108,648,634,1282,22090,23394,45484
ILOC20101803,44,58,102,6,0,6,0,0,0,50,58,108,23834,25617,49451,960,963,1923,24844,26638,51482
ILOC20101901,167,154,321,16,8,24,4,3,7,187,165,352,36988,38035,75023,2110,1928,4038,39285,40128,79413
ILOC20101902,246,197,443,20,14,34,0,0,0,266,211,477,36105,35547,71652,2084,1875,3959,38455,37633,76088
ILOC20101903,317,337,654,11,21,32,9,11,20,337,369,706,42023,43153,85176,2097,1954,4051,44457,45476,89933
ILOC20102001,421,482,903,24,27,51,12,4,16,457,513,970,68178,70012,138190,2778,2415,5193,71413,72940,144353
ILOC20200101,509,566,1075,52,45,97,6,17,23,567,628,1195,45042,48882,93924,2075,2023,4098,47684,51533,99217
ILOC20200201,180,212,392,14,10,24,0,3,3,194,225,419,20219,21144,41363,794,732,1526,21207,22101,43308
ILOC20200301,64,63,127,4,0,4,0,3,3,68,66,134,4074,4199,8273,159,168,327,4301,4433,8734
ILOC20200302,167,173,340,6,3,9,0,5,5,173,181,354,6375,6987,13362,404,388,792,6952,7556,14508
ILOC20200303,97,96,193,11,13,24,0,0,0,108,109,217,10306,10183,20489,412,352,764,10826,10644,21470
ILOC20200304,105,116,221,9,3,12,0,3,3,114,122,236,4537,4947,9484,221,186,407,4872,5255,10127
ILOC20200305,90,80,170,5,5,10,3,3,6,98,88,186,10244,11619,21863,432,384,816,10774,12091,22865
ILOC20200306,150,144,294,4,7,11,6,5,11,160,156,316,10463,11315,21778,370,343,713,10993,11814,22807
ILOC20200401,59,60,119,3,3,6,0,0,0,62,63,125,5296,5099,10395,242,213,455,5600,5375,10975
ILOC20200402,209,253,462,6,3,9,4,5,9,219,261,480,5748,6237,11985,288,342,630,6255,6840,13095
ILOC20200403,118,77,195,10,4,14,0,0,0,128,81,209,5669,5716,11385,237,243,480,6034,6040,12074
ILOC20200404,183,169,352,9,16,25,4,14,18,196,199,395,13033,13274,26307,754,668,1422,13983,14141,28124
ILOC20200405,959,1051,2010,23,24,47,19,16,35,1001,1091,2092,27413,28074,55487,1558,1494,3052,29972,30659,60631
ILOC20200501,302,291,593,20,25,45,7,4,11,329,320,649,29444,29885,59329,1412,1379,2791,31185,31584,62769
ILOC20200601,802,877,1679,49,45,94,18,13,31,869,935,1804,98647,105025,203672,4371,4026,8397,103887,109986,213873
ILOC20200701,265,272,537,0,0,0,6,0,6,271,272,543,5815,6483,12298,203,197,400,6289,6952,13241
ILOC20200702,320,346,666,5,7,12,4,0,4,329,353,682,13521,13483,27004,639,600,1239,14489,14436,28925
ILOC20200703,65,57,122,0,0,0,0,0,0,65,57,122,3,0,3,0,0,0,68,57,125
ILOC20200704,287,272,559,15,6,21,0,7,7,302,285,587,19466,19429,38895,964,891,1855,20732,20605,41337
ILOC20200801,118,115,233,4,12,16,5,3,8,127,130,257,9521,10008,19529,432,399,831,10080,10537,20617
ILOC20200802,181,188,369,9,12,21,3,5,8,193,205,398,6279,6561,12840,426,340,766,6898,7106,14004
ILOC20200803,182,191,373,7,0,7,0,4,4,189,195,384,16980,17928,34908,890,908,1798,18059,19031,37090
ILOC20200901,83,88,171,15,6,21,0,3,3,98,97,195,19780,20400,40180,746,757,1503,20624,21254,41878
ILOC20200902,129,111,240,10,6,16,3,0,3,142,117,259,13239,13498,26737,614,501,1115,13995,14116,28111
ILOC20201001,790,947,1737,27,23,50,27,23,50,844,993,1837,22822,23773,46595,1309,1238,2547,24975,26004,50979
ILOC20201101,93,96,189,7,7,14,0,5,5,100,108,208,13709,14258,27967,743,802,1545,14552,15168,29720
ILOC20201102,84,89,173,13,14,27,3,3,6,100,106,206,12889,13326,26215,571,490,1061,13560,13922,27482
ILOC20201201,254,273,527,20,22,42,5,5,10,279,300,579,38820,38761,77581,1625,1528,3153,40724,40589,81313
ILOC20201202,16,19,35,0,0,0,0,0,0,16,19,35,0,4,4,0,0,0,16,23,39
ILOC20201203,159,146,305,13,10,23,4,0,4,176,156,332,16163,15887,32050,629,669,1298,16968,16712,33680
ILOC20201301,99,101,200,0,0,0,3,5,8,102,106,208,4191,4112,8303,161,158,319,4454,4376,8830
ILOC20201302,84,98,182,3,3,6,3,3,6,90,104,194,4957,5034,9991,276,255,531,5323,5393,10716
ILOC20201303,85,91,176,4,0,4,3,3,6,92,94,186,7685,8028,15713,287,268,555,8064,8390,16454
ILOC20201401,185,233,418,8,3,11,0,3,3,193,239,432,4371,4671,9042,219,202,421,4783,5112,9895
ILOC20201402,107,153,260,9,8,17,7,11,18,123,172,295,1656,1471,3127,164,167,331,1943,1810,3753
ILOC20201403,83,63,146,3,3,6,3,3,6,89,69,158,3322,3006,6328,170,150,320,3581,3225,6806
ILOC20201501,50,60,110,0,7,7,0,3,3,50,70,120,4237,4664,8901,147,159,306,4434,4893,9327
ILOC20201502,133,130,263,10,9,19,3,4,7,146,143,289,16674,16466,33140,882,794,1676,17702,17403,35105
ILOC20201601,183,188,371,8,8,16,12,5,17,203,201,404,16218,16178,32396,893,875,1768,17314,17254,34568
ILOC20201701,239,224,463,7,12,19,14,3,17,260,239,499,14653,15785,30438,751,691,1442,15664,16715,32379
ILOC20201801,284,278,562,23,22,45,3,8,11,310,308,618,22560,23204,45764,1010,869,1879,23880,24381,48261
ILOC20201901,145,152,297,4,9,13,3,0,3,152,161,313,15785,15990,31775,675,578,1253,16612,16729,33341
ILOC20201902,103,119,222,12,21,33,4,0,4,119,140,259,12472,13305,25777,395,385,780,12986,13830,26816
ILOC20201903,318,350,668,12,20,32,6,0,6,336,370,706,16501,17105,33606,666,541,1207,17503,18016,35519
ILOC29499494,167,107,274,5,0,5,0,3,3,172,110,282,4047,3199,7246,451,327,778,4670,3636,8306
ILOC29799797,0,0,0,0,0,0,0,0,0,0,0,0,32,0,32,4,0,4,36,0,36
ILOC30100101,401,452,853,22,28,50,22,7,29,445,487,932,16775,17319,34094,771,659,1430,17991,18465,36456
ILOC30100201,492,472,964,51,54,105,25,40,65,568,566,1134,45019,47211,92230,2343,1885,4228,47930,49662,97592
ILOC30100202,237,185,422,34,19,53,19,8,27,290,212,502,28309,27530,55839,3228,2357,5585,31827,30099,61926
ILOC30100203,753,783,1536,98,89,187,48,65,113,899,937,1836,80004,83309,163313,3926,3393,7319,84829,87639,172468
ILOC30100204,165,165,330,12,9,21,9,9,18,186,183,369,14804,14469,29273,1741,1185,2926,16731,15837,32568
ILOC30100205,349,334,683,25,39,64,28,19,47,402,392,794,37031,38996,76027,1984,1633,3617,39417,41021,80438
ILOC30100206,629,710,1339,45,48,93,28,37,65,702,795,1497,34796,36425,71221,1615,1408,3023,37113,38628,75741
ILOC30100207,1508,1507,3015,138,140,278,86,99,185,1732,1746,3478,89262,95016,184278,3729,3432,7161,94723,100194,194917
ILOC30100208,950,997,1947,94,108,202,95,85,180,1139,1190,2329,83910,87068,170978,4162,3424,7586,89211,91682,180893
ILOC30100209,316,318,634,27,24,51,31,19,50,374,361,735,46937,48964,95901,1591,1537,3128,48902,50862,99764
ILOC30100210,418,449,867,12,33,45,12,30,42,442,512,954,6540,6888,13428,531,521,1052,7513,7921,15434
ILOC30100211,518,345,863,71,19,90,28,24,52,617,388,1005,14426,13739,28165,580,543,1123,15623,14670,30293
ILOC30100301,1982,2031,4013,161,133,294,131,134,265,2274,2298,4572,69454,72183,141637,4328,4086,8414,76056,78567,154623
ILOC30100401,736,768,1504,41,36,77,22,28,50,799,832,1631,45540,48825,94365,2191,2052,4243,48530,51709,100239
ILOC30100501,284,272,556,14,19,33,10,12,22,308,303,611,10067,9977,20044,547,434,981,10922,10714,21636
ILOC30100601,204,191,395,5,9,14,8,6,14,217,206,423,7965,8228,16193,549,485,1034,8731,8919,17650
ILOC30100602,252,284,536,13,25,38,3,14,17,268,323,591,7760,7860,15620,601,496,1097,8629,8679,17308
ILOC30100701,2721,2789,5510,224,200,424,125,138,263,3070,3127,6197,222576,235092,457668,15955,14682,30637,241601,252901,494502
ILOC30100801,2862,2958,5820,170,138,308,139,143,282,3171,3239,6410,75689,76796,152485,4132,3682,7814,82992,83717,166709
ILOC30100901,260,344,604,30,23,53,19,20,39,309,387,696,14148,14209,28357,598,552,1150,15055,15148,30203
ILOC30100902,294,310,604,42,34,76,28,36,64,364,380,744,5857,5938,11795,623,545,1168,6844,6863,13707
ILOC30100903,1716,1808,3524,143,140,283,89,99,188,1948,2047,3995,83871,85750,169621,4361,3880,8241,90180,91677,181857
ILOC30100904,160,175,335,15,27,42,17,24,41,192,226,418,4068,4266,8334,277,283,560,4537,4775,9312
ILOC30100905,430,445,875,46,30,76,28,30,58,504,505,1009,10585,10813,21398,700,678,1378,11789,11996,23785
ILOC30100906,343,372,715,61,65,126,31,38,69,435,475,910,8404,8464,16868,733,675,1408,9572,9614,19186
ILOC30101001,1078,1065,2143,82,70,152,60,60,120,1220,1195,2415,72080,77582,149662,3542,2964,6506,76842,81741,158583
ILOC30101101,239,255,494,15,10,25,12,14,26,266,279,545,21780,23437,45217,1226,1098,2324,23272,24814,48086
ILOC30101201,775,867,1642,49,53,102,54,49,103,878,969,1847,40375,42250,82625,1546,1297,2843,42799,44516,87315
ILOC30101202,348,316,664,30,28,58,21,22,43,399,366,765,38321,38935,77256,1127,965,2092,39847,40266,80113
ILOC30101301,579,586,1165,47,42,89,20,26,46,646,654,1300,24888,27093,51981,1438,1271,2709,26972,29018,55990
ILOC30101401,1114,1212,2326,76,85,161,66,66,132,1256,1363,2619,64206,67154,131360,2424,2263,4687,67886,70780,138666
ILOC30200101,268,320,588,38,31,69,50,45,95,356,396,752,4989,5523,10512,263,237,500,5608,6156,11764
ILOC30200201,278,313,591,121,164,285,66,70,136,465,547,1012,10144,10578,20722,535,446,981,11144,11571,22715
ILOC30200202,167,154,321,145,140,285,41,44,85,353,338,691,4003,3539,7542,856,764,1620,5212,4641,9853
ILOC30200203,186,185,371,41,49,90,25,47,72,252,281,533,8820,9208,18028,601,534,1135,9673,10023,19696
ILOC30200204,193,239,432,127,122,249,76,76,152,396,437,833,5815,5990,11805,429,356,785,6640,6783,13423
ILOC30200205,353,436,789,197,224,421,124,130,254,674,790,1464,5245,5486,10731,409,379,788,6328,6655,12983
ILOC30200206,539,646,1185,226,257,483,176,205,381,941,1108,2049,6562,6804,13366,562,517,1079,8065,8429,16494
ILOC30200207,273,273,546,42,53,95,55,53,108,370,379,749,2194,2206,4400,174,159,333,2738,2744,5482
ILOC30200208,778,992,1770,822,907,1729,355,388,743,1955,2287,4242,7872,7883,15755,1106,936,2042,10933,11106,22039
ILOC30200209,163,169,332,69,105,174,68,56,124,300,330,630,5414,5689,11103,377,291,668,6091,6310,12401
ILOC30200210,182,230,412,148,144,292,69,84,153,399,458,857,1901,1893,3794,259,246,505,2559,2597,5156
ILOC30200301,125,124,249,9,7,16,25,24,49,159,155,314,538,525,1063,76,61,137,773,741,1514
ILOC30200302,149,171,320,35,25,60,26,42,68,210,238,448,3718,3576,7294,446,345,791,4374,4159,8533
ILOC30200303,47,48,95,0,0,0,5,0,5,52,48,100,0,0,0,0,0,0,52,48,100
ILOC30200401,143,135,278,47,41,88,28,26,54,218,202,420,2224,2124,4348,184,158,342,2626,2484,5110
ILOC30200501,123,132,255,8,8,16,10,18,28,141,158,299,2926,2926,5852,182,133,315,3249,3217,6466
ILOC30200601,49,68,117,12,35,47,11,18,29,72,121,193,348,362,710,18,13,31,438,496,934
ILOC30200602,147,138,285,7,9,16,17,20,37,171,167,338,1523,1357,2880,145,87,232,1839,1611,3450
ILOC30200603,47,39,86,0,0,0,0,3,3,47,42,89,70,76,146,7,0,7,124,118,242
ILOC30200604,65,77,142,3,4,7,10,8,18,78,89,167,316,322,638,34,20,54,428,431,859
ILOC30200701,435,477,912,98,109,207,114,102,216,647,688,1335,3273,3230,6503,237,197,434,4157,4115,8272
ILOC30200702,167,211,378,31,37,68,33,53,86,231,301,532,4648,4315,8963,267,204,471,5146,4820,9966
ILOC30200801,647,406,1053,146,21,167,69,30,99,862,457,1319,5830,5360,11190,489,358,847,7181,6175,13356
ILOC30200802,102,112,214,0,0,0,4,7,11,106,119,225,18,11,29,0,0,0,124,130,254
ILOC30200901,514,571,1085,44,28,72,39,42,81,597,641,1238,2929,3026,5955,223,198,421,3749,3865,7614
ILOC30201001,22,18,40,3,3,6,0,3,3,25,24,49,283,257,540,25,28,53,333,309,642
ILOC30201002,118,131,249,0,0,0,4,0,4,122,131,253,11,6,17,0,0,0,133,137,270
ILOC30201101,1113,1142,2255,5,5,10,40,35,75,1158,1182,2340,26,19,45,18,6,24,1202,1207,2409
ILOC30300101,573,589,1162,5,3,8,12,12,24,590,604,1194,48,51,99,3,0,3,641,655,1296
ILOC30300201,73,53,126,6,3,9,7,5,12,86,61,147,1146,541,1687,121,67,188,1353,669,2022
ILOC30300202,98,133,231,3,0,3,17,13,30,118,146,264,24,16,40,3,4,7,145,166,311
ILOC30300203,19,35,54,0,0,0,0,0,0,19,35,54,15,8,23,0,3,3,34,46,80
ILOC30300301,154,178,332,6,11,17,11,5,16,171,194,365,670,605,1275,64,56,120,905,855,1760
ILOC30300401,486,435,921,0,0,0,5,3,8,491,438,929,21,24,45,13,4,17,525,466,991
ILOC30300501,444,472,916,0,0,0,9,13,22,453,485,938,47,42,89,0,3,3,500,530,1030
ILOC30300601,187,217,404,9,3,12,7,9,16,203,229,432,46,26,72,3,5,8,252,260,512
ILOC30300701,73,82,155,4,4,8,36,36,72,113,122,235,20,5,25,0,0,0,133,127,260
ILOC30300702,245,223,468,34,36,70,134,145,279,413,404,817,26,9,35,0,0,0,439,413,852
ILOC30300703,129,146,275,95,80,175,87,81,168,311,307,618,1258,1101,2359,206,149,355,1775,1557,3332
ILOC30300801,16,11,27,295,330,625,83,117,200,394,458,852,104,99,203,8,3,11,506,560,1066
ILOC30300802,12,11,23,42,45,87,172,173,345,226,229,455,12,4,16,4,0,4,242,233,475
ILOC30300803,32,39,71,26,16,42,74,82,156,132,137,269,11,10,21,0,0,0,143,147,290
ILOC30300804,0,0,0,43,55,98,19,19,38,62,74,136,37,19,56,4,6,10,103,99,202
ILOC30300805,9,10,19,14,25,39,88,108,196,111,143,254,12,5,17,4,7,11,127,155,282
ILOC30300901,271,274,545,10,3,13,19,23,42,300,300,600,38,22,60,3,0,3,341,322,663
ILOC30400101,94,90,184,5,0,5,0,3,3,99,93,192,154,110,264,12,13,25,265,216,481
ILOC30400102,39,28,67,3,0,3,0,0,0,42,28,70,107,96,203,4,5,9,153,129,282
ILOC30400103,58,47,105,5,7,12,8,7,15,71,61,132,608,547,1155,30,19,49,709,627,1336
ILOC30400201,123,111,234,0,3,3,12,4,16,135,118,253,605,420,1025,103,42,145,843,580,1423
ILOC30400202,607,560,1167,0,0,0,0,0,0,607,560,1167,38,47,85,5,0,5,650,607,1257
ILOC30400203,469,517,986,4,0,4,10,5,15,483,522,1005,75,56,131,3,3,6,561,581,1142
ILOC30400204,285,348,633,3,0,3,17,16,33,305,364,669,189,156,345,98,103,201,592,623,1215
ILOC30400301,336,364,700,13,14,27,11,8,19,360,386,746,1748,1307,3055,325,150,475,2433,1843,4276
ILOC30400401,46,58,104,0,0,0,0,0,0,46,58,104,33,25,58,9,15,24,88,98,186
ILOC30400402,1379,1498,2877,46,55,101,71,51,122,1496,1604,3100,8074,6948,15022,1644,1246,2890,11214,9798,21012
ILOC30500101,135,152,287,0,3,3,4,4,8,139,159,298,3517,3192,6709,182,123,305,3838,3474,7312
ILOC30500102,17,20,37,3,3,6,3,3,6,23,26,49,637,618,1255,17,13,30,677,657,1334
ILOC30500103,102,118,220,4,3,7,6,4,10,112,125,237,2688,2585,5273,164,134,298,2964,2844,5808
ILOC30500201,79,99,178,10,6,16,3,6,9,92,111,203,1446,1402,2848,85,80,165,1623,1593,3216
ILOC30500202,41,39,80,3,0,3,4,5,9,48,44,92,992,1025,2017,50,42,92,1090,1111,2201
ILOC30500203,112,152,264,0,10,10,7,5,12,119,167,286,1817,1877,3694,108,100,208,2044,2144,4188
ILOC30500301,822,929,1751,49,45,94,66,58,124,937,1032,1969,20875,22718,43593,1275,1239,2514,23087,24989,48076
ILOC30500302,465,437,902,33,26,59,23,28,51,521,491,1012,19566,19283,38849,1054,820,1874,21141,20594,41735
ILOC30500401,118,97,215,9,5,14,9,5,14,136,107,243,2253,1936,4189,230,176,406,2619,2219,4838
ILOC30500402,170,138,308,11,6,17,3,8,11,184,152,336,5084,4323,9407,631,292,923,5899,4767,10666
ILOC30500403,216,184,400,10,12,22,10,10,20,236,206,442,6039,5693,11732,604,441,1045,6879,6340,13219
ILOC30500404,394,436,830,0,0,0,20,22,42,414,458,872,22,27,49,10,6,16,446,491,937
ILOC30500501,478,389,867,37,30,67,22,23,45,537,442,979,13998,13471,27469,703,551,1254,15238,14464,29702
ILOC30500502,684,736,1420,28,38,66,47,31,78,759,805,1564,19342,21488,40830,914,886,1800,21015,23179,44194
ILOC30500503,369,413,782,33,19,52,24,18,42,426,450,876,9452,10017,19469,565,561,1126,10443,11028,21471
ILOC30500601,552,550,1102,43,55,98,72,64,136,667,669,1336,14623,13817,28440,1389,1143,2532,16679,15629,32308
ILOC30500602,65,58,123,4,0,4,9,10,19,78,68,146,2674,2383,5057,198,135,333,2950,2586,5536
ILOC30500603,247,253,500,10,21,31,19,15,34,276,289,565,9494,8832,18326,690,462,1152,10460,9583,20043
ILOC30500701,30,34,64,6,0,6,6,8,14,42,42,84,1384,1172,2556,245,120,365,1671,1334,3005
ILOC30500702,102,78,180,17,14,31,12,7,19,131,99,230,4179,3641,7820,400,176,576,4710,3916,8626
ILOC30500703,117,132,249,18,3,21,12,8,20,147,143,290,5111,4299,9410,912,341,1253,6170,4783,10953
ILOC30500801,93,95,188,0,3,3,0,0,0,93,98,191,132,114,246,13,15,28,238,227,465
ILOC30500802,59,64,123,3,5,8,4,9,13,66,78,144,662,673,1335,69,98,167,797,849,1646
ILOC30500803,123,109,232,5,17,22,11,9,20,139,135,274,3713,3611,7324,244,188,432,4096,3934,8030
ILOC30500901,214,252,466,16,10,26,16,15,31,246,277,523,3505,3729,7234,273,202,475,4024,4208,8232
ILOC30500902,149,182,331,3,3,6,0,4,4,152,189,341,1224,1178,2402,155,115,270,1531,1482,3013
ILOC30500903,1526,1747,3273,135,155,290,141,135,276,1802,2037,3839,25598,26651,52249,2192,1921,4113,29592,30609,60201
ILOC30500904,292,194,486,36,11,47,20,5,25,348,210,558,8755,8082,16837,689,470,1159,9792,8762,18554
ILOC30500905,84,92,176,5,3,8,3,0,3,92,95,187,2481,2288,4769,209,164,373,2782,2547,5329
ILOC30500906,218,215,433,52,22,74,26,14,40,296,251,547,6260,6414,12674,468,318,786,7024,6983,14007
ILOC30600101,68,63,131,0,0,0,0,0,0,68,63,131,771,649,1420,52,25,77,891,737,1628
ILOC30600102,55,47,102,0,3,3,3,3,6,58,53,111,162,144,306,23,4,27,243,201,444
ILOC30600103,258,300,558,3,0,3,0,6,6,261,306,567,938,977,1915,99,67,166,1298,1350,2648
ILOC30600201,95,89,184,0,3,3,0,0,0,95,92,187,804,655,1459,62,26,88,961,773,1734
ILOC30600301,564,611,1175,0,0,0,13,5,18,577,616,1193,10,10,20,7,6,13,594,632,1226
ILOC30600401,294,236,530,24,19,43,7,10,17,325,265,590,11060,10676,21736,599,509,1108,11984,11450,23434
ILOC30600402,258,278,536,15,10,25,11,14,25,284,302,586,8124,8934,17058,412,422,834,8820,9658,18478
ILOC30600501,303,340,643,7,0,7,3,4,7,313,344,657,4559,4581,9140,554,510,1064,5426,5435,10861
ILOC30600601,87,100,187,5,4,9,0,0,0,92,104,196,2645,2448,5093,165,146,311,2902,2698,5600
ILOC30600602,135,169,304,4,4,8,3,4,7,142,177,319,2046,2192,4238,203,227,430,2391,2596,4987
ILOC30600603,118,119,237,4,8,12,0,3,3,122,130,252,5019,5172,10191,222,209,431,5363,5511,10874
ILOC30600701,55,40,95,4,4,8,3,0,3,62,44,106,2205,2006,4211,122,105,227,2389,2155,4544
ILOC30600702,157,172,329,4,6,10,0,0,0,161,178,339,1749,1717,3466,169,118,287,2079,2013,4092
ILOC30600801,102,84,186,3,0,3,3,0,3,108,84,192,2479,2275,4754,191,118,309,2778,2477,5255
ILOC30600802,75,76,151,0,0,0,5,7,12,80,83,163,358,358,716,16,16,32,454,457,911
ILOC30600803,306,287,593,0,0,0,4,5,9,310,292,602,2773,2776,5549,415,341,756,3498,3409,6907
ILOC30600901,185,201,386,6,0,6,13,10,23,204,211,415,1291,1369,2660,91,95,186,1586,1675,3261
ILOC30601001,233,266,499,10,8,18,4,9,13,247,283,530,1883,1888,3771,176,142,318,2306,2313,4619
ILOC30601101,192,187,379,11,8,19,12,12,24,215,207,422,6002,6056,12058,368,340,708,6585,6603,13188
ILOC30601201,245,301,546,3,7,10,9,7,16,257,315,572,636,563,1199,56,31,87,949,909,1858
ILOC30601301,182,178,360,7,9,16,3,8,11,192,195,387,6205,6427,12632,281,223,504,6678,6845,13523
ILOC30601302,117,115,232,0,4,4,3,4,7,120,123,243,2252,2158,4410,108,81,189,2480,2362,4842
ILOC30601401,262,303,565,11,3,14,14,21,35,287,327,614,5770,6446,12216,282,265,547,6339,7038,13377
ILOC30601402,134,108,242,8,14,22,4,0,4,146,122,268,4615,4487,9102,182,167,349,4943,4776,9719
ILOC30601501,1678,1851,3529,58,77,135,39,63,102,1775,1991,3766,43554,47730,91284,2265,2173,4438,47594,51894,99488
ILOC30601601,117,107,224,3,9,12,0,3,3,120,119,239,6896,7073,13969,263,233,496,7279,7425,14704
ILOC30601602,154,179,333,0,0,0,3,3,6,157,182,339,4911,4789,9700,241,209,450,5309,5180,10489
ILOC30601701,102,99,201,9,7,16,0,0,0,111,106,217,4769,4911,9680,170,169,339,5050,5186,10236
ILOC30601702,51,45,96,0,0,0,0,0,0,51,45,96,1435,1402,2837,104,78,182,1590,1525,3115
ILOC30601703,68,51,119,8,4,12,0,0,0,76,55,131,2069,2124,4193,88,76,164,2233,2255,4488
ILOC30601801,106,124,230,7,4,11,0,3,3,113,131,244,3335,3134,6469,250,123,373,3698,3388,7086
ILOC30601802,47,56,103,3,4,7,3,8,11,53,68,121,1772,1687,3459,132,88,220,1957,1843,3800
ILOC30601803,113,109,222,3,6,9,5,5,10,121,120,241,1952,1713,3665,140,94,234,2213,1927,4140
ILOC30601804,78,65,143,7,3,10,0,0,0,85,68,153,2715,2502,5217,184,130,314,2984,2700,5684
ILOC30700101,3,0,3,70,74,144,29,33,62,102,107,209,7,5,12,5,0,5,114,112,226
ILOC30700102,10,8,18,104,110,214,46,51,97,160,169,329,88,56,144,33,33,66,281,258,539
ILOC30700103,0,0,0,15,20,35,6,4,10,21,24,45,25,14,39,3,0,3,49,38,87
ILOC30700104,20,26,46,321,363,684,75,77,152,416,466,882,290,290,580,87,83,170,793,839,1632
ILOC30700105,15,8,23,326,352,678,46,57,103,387,417,804,53,37,90,47,37,84,487,491,978
ILOC30700201,0,0,0,88,90,178,4,6,10,92,96,188,6,9,15,5,0,5,103,105,208
ILOC30700202,0,0,0,58,70,128,0,0,0,58,70,128,0,0,0,3,0,3,61,70,131
ILOC30700203,0,3,3,182,164,346,4,5,9,186,172,358,59,50,109,10,3,13,255,225,480
ILOC30700301,4,0,4,253,220,473,103,118,221,360,338,698,45,34,79,0,5,5,405,377,782
ILOC30700302,0,0,0,72,64,136,11,8,19,83,72,155,0,3,3,3,0,3,86,75,161
ILOC30700303,0,0,0,113,117,230,8,10,18,121,127,248,3,6,9,3,0,3,127,133,260
ILOC30700304,0,6,6,83,102,185,28,20,48,111,128,239,9,9,18,0,0,0,120,137,257
ILOC30700401,6,14,20,135,123,258,13,8,21,154,145,299,5,6,11,3,3,6,162,154,316
ILOC30700402,0,0,0,66,67,133,8,4,12,74,71,145,0,3,3,0,0,0,74,74,148
ILOC30700403,0,0,0,106,109,215,0,3,3,106,112,218,13,11,24,3,4,7,122,127,249
ILOC30700404,4,0,4,103,99,202,13,14,27,120,113,233,3,3,6,0,0,0,123,116,239
ILOC30700501,0,0,0,167,138,305,24,14,38,191,152,343,11,12,23,8,0,8,210,164,374
ILOC30700502,0,0,0,165,163,328,8,8,16,173,171,344,8,8,16,5,0,5,186,179,365
ILOC30700503,0,0,0,25,21,46,0,0,0,25,21,46,3,0,3,0,0,0,28,21,49
ILOC30800101,359,341,700,31,26,57,54,51,105,444,418,862,5557,5062,10619,841,570,1411,6842,6050,12892
ILOC30800201,205,230,435,44,26,70,39,46,85,288,302,590,3568,3801,7369,217,217,434,4073,4320,8393
ILOC30800202,105,131,236,11,21,32,18,18,36,134,170,304,4246,3954,8200,237,165,402,4617,4289,8906
ILOC30800301,380,376,756,9,14,23,22,27,49,411,417,828,3273,3576,6849,321,235,556,4005,4228,8233
ILOC30800401,136,136,272,5,5,10,7,4,11,148,145,293,3084,2785,5869,247,145,392,3479,3075,6554
ILOC30800501,108,91,199,16,6,22,15,9,24,139,106,245,3361,3075,6436,150,126,276,3650,3307,6957
ILOC30800502,164,165,329,26,22,48,17,13,30,207,200,407,1930,2074,4004,105,90,195,2242,2364,4606
ILOC30800601,1059,1045,2104,473,534,1007,265,261,526,1797,1840,3637,36165,35793,71958,3218,1725,4943,41180,39358,80538
ILOC30800701,135,153,288,38,46,84,21,20,41,194,219,413,6321,5763,12084,484,212,696,6999,6194,13193
ILOC30800801,71,68,139,38,28,66,15,9,24,124,105,229,3527,3284,6811,302,130,432,3953,3519,7472
ILOC30800901,959,880,1839,10,17,27,184,152,336,1153,1049,2202,60,54,114,11,10,21,1224,1113,2337
ILOC30801001,178,189,367,40,30,70,18,15,33,236,234,470,8341,7862,16203,1128,733,1861,9705,8829,18534
ILOC30801101,196,184,380,72,75,147,56,51,107,324,310,634,5270,4936,10206,511,243,754,6105,5489,11594
ILOC30801201,1589,1710,3299,343,382,725,233,257,490,2165,2349,4514,28106,29260,57366,1844,1545,3389,32115,33154,65269
ILOC30801301,1810,2010,3820,467,467,934,314,320,634,2591,2797,5388,41769,42403,84172,3554,2875,6429,47914,48075,95989
ILOC30801401,90,97,187,8,3,11,9,5,14,107,105,212,2804,2550,5354,287,223,510,3198,2878,6076
ILOC30801402,343,146,489,45,16,61,29,14,43,417,176,593,3286,2939,6225,208,169,377,3911,3284,7195
ILOC30801501,125,145,270,15,14,29,18,29,47,158,188,346,3341,2970,6311,196,169,365,3695,3327,7022
ILOC30801502,51,47,98,0,0,0,3,3,6,54,50,104,20,10,30,4,3,7,78,63,141
ILOC30801503,57,66,123,64,65,129,5,18,23,126,149,275,998,847,1845,78,64,142,1202,1060,2262
ILOC39499494,345,255,600,43,28,71,30,21,51,418,304,722,5944,4683,10627,789,406,1195,7151,5393,12544
ILOC39799797,6,0,6,5,0,5,0,0,0,11,0,11,220,168,388,46,28,74,277,196,473
ILOC40100101,132,76,208,3,8,11,3,0,3,138,84,222,9008,8682,17690,1002,727,1729,10148,9493,19641
ILOC40100102,84,92,176,3,5,8,0,0,0,87,97,184,12629,13080,25709,580,478,1058,13296,13655,26951
ILOC40100201,81,73,154,6,5,11,0,3,3,87,81,168,17886,17963,35849,549,448,997,18522,18492,37014
ILOC40100202,107,122,229,9,6,15,0,0,0,116,128,244,14076,14946,29022,439,394,833,14631,15468,30099
ILOC40100301,188,170,358,24,28,52,5,3,8,217,201,418,20005,19884,39889,720,651,1371,20942,20736,41678
ILOC40100401,85,109,194,4,3,7,0,0,0,89,112,201,1826,1855,3681,104,107,211,2019,2074,4093
ILOC40100402,141,138,279,3,6,9,3,5,8,147,149,296,2951,3000,5951,171,117,288,3269,3266,6535
ILOC40100501,117,117,234,7,10,17,6,4,10,130,131,261,22980,24631,47611,768,798,1566,23878,25560,49438
ILOC40100502,82,69,151,10,3,13,5,8,13,97,80,177,15827,17400,33227,796,688,1484,16720,18168,34888
ILOC40100601,82,113,195,5,7,12,0,0,0,87,120,207,14245,15086,29331,576,497,1073,14908,15703,30611
ILOC40100602,136,125,261,10,5,15,0,6,6,146,136,282,10267,10572,20839,480,420,900,10893,11128,22021
ILOC40100603,127,146,273,6,5,11,4,9,13,137,160,297,11344,12233,23577,436,442,878,11917,12835,24752
ILOC40100604,259,261,520,3,6,9,7,7,14,269,274,543,12661,13008,25669,683,603,1286,13613,13885,27498
ILOC40100701,235,249,484,14,16,30,0,3,3,249,268,517,21297,22600,43897,995,940,1935,22541,23808,46349
ILOC40100801,143,167,310,10,7,17,5,3,8,158,177,335,10553,11382,21935,442,445,887,11153,12004,23157
ILOC40100901,73,76,149,7,13,20,4,0,4,84,89,173,15566,17265,32831,799,800,1599,16449,18154,34603
ILOC40100902,223,217,440,8,17,25,11,9,20,242,243,485,25502,26844,52346,1116,1025,2141,26860,28112,54972
ILOC40101001,103,96,199,3,6,9,5,4,9,111,106,217,5108,5136,10244,185,166,351,5404,5408,10812
ILOC40101002,91,68,159,4,4,8,0,0,0,95,72,167,4212,3739,7951,256,212,468,4563,4023,8586
ILOC40101101,223,227,450,6,6,12,3,7,10,232,240,472,15915,17401,33316,623,675,1298,16770,18316,35086
ILOC40101102,129,133,262,9,14,23,5,3,8,143,150,293,11774,13025,24799,500,490,990,12417,13665,26082
ILOC40101103,49,47,96,5,7,12,5,0,5,59,54,113,10481,10692,21173,296,240,536,10836,10986,21822
ILOC40101201,511,443,954,9,4,13,7,6,13,527,453,980,8947,8937,17884,522,446,968,9996,9836,19832
ILOC40101301,28,54,82,0,0,0,0,0,0,28,54,82,319,364,683,87,68,155,434,486,920
ILOC40101302,111,83,194,4,3,7,5,0,5,120,86,206,3648,3405,7053,181,133,314,3949,3624,7573
ILOC40101303,42,53,95,0,0,0,0,0,0,42,53,95,3,3,6,0,0,0,45,56,101
ILOC40101401,490,516,1006,26,26,52,7,9,16,523,551,1074,45422,47131,92553,1355,1300,2655,47300,48982,96282
ILOC40101402,201,253,454,6,6,12,15,11,26,222,270,492,8401,8741,17142,477,378,855,9100,9389,18489
ILOC40101403,234,251,485,20,25,45,7,5,12,261,281,542,20791,21653,42444,959,866,1825,22011,22800,44811
ILOC40101501,292,323,615,11,9,20,14,9,23,317,341,658,7043,7306,14349,490,482,972,7850,8129,15979
ILOC40101502,204,209,413,4,8,12,5,3,8,213,220,433,11849,11900,23749,383,356,739,12445,12476,24921
ILOC40101503,502,517,1019,29,16,45,8,9,17,539,542,1081,11433,11851,23284,737,660,1397,12709,13053,25762
ILOC40101504,103,90,193,5,4,9,3,0,3,111,94,205,5981,6003,11984,342,323,665,6434,6420,12854
ILOC40101601,331,362,693,14,20,34,11,7,18,356,389,745,12970,13492,26462,655,700,1355,13981,14581,28562
ILOC40101602,366,300,666,11,13,24,8,4,12,385,317,702,16164,16573,32737,725,590,1315,17274,17480,34754
ILOC40101603,237,280,517,3,9,12,7,3,10,247,292,539,10096,9870,19966,573,482,1055,10916,10644,21560
ILOC40101604,176,183,359,8,9,17,0,6,6,184,198,382,7903,8056,15959,503,411,914,8590,8665,17255
ILOC40101605,162,174,336,6,7,13,3,3,6,171,184,355,4962,4912,9874,305,250,555,5438,5346,10784
ILOC40101701,76,87,163,0,3,3,0,0,0,76,90,166,4254,4289,8543,272,263,535,4602,4642,9244
ILOC40101801,264,281,545,13,13,26,5,5,10,282,299,581,13011,13425,26436,609,576,1185,13902,14300,28202
ILOC40101802,149,132,281,9,3,12,3,11,14,161,146,307,10011,10284,20295,482,485,967,10654,10915,21569
ILOC40101803,312,350,662,6,10,16,8,9,17,326,369,695,16588,16878,33466,806,736,1542,17720,17983,35703
ILOC40101804,396,414,810,20,10,30,0,3,3,416,427,843,20219,20003,40222,1203,1006,2209,21838,21436,43274
ILOC40101901,260,215,475,15,18,33,3,8,11,278,241,519,18547,17626,36173,638,548,1186,19463,18415,37878
ILOC40101902,244,281,525,14,9,23,8,19,27,266,309,575,11526,12362,23888,391,346,737,12183,13017,25200
ILOC40102001,354,387,741,16,25,41,11,10,21,381,422,803,45072,46875,91947,1370,1309,2679,46823,48606,95429
ILOC40102101,63,59,122,3,9,12,0,0,0,66,68,134,19135,21483,40618,720,720,1440,19921,22271,42192
ILOC40102102,134,147,281,9,16,25,5,3,8,148,166,314,29382,31428,60810,900,873,1773,30430,32467,62897
ILOC40102103,53,81,134,5,5,10,0,0,0,58,86,144,16520,18739,35259,756,681,1437,17334,19506,36840
ILOC40102201,92,78,170,4,5,9,0,3,3,96,86,182,7302,7318,14620,329,253,582,7727,7657,15384
ILOC40102301,156,146,302,9,6,15,0,0,0,165,152,317,7223,7423,14646,257,241,498,7645,7816,15461
ILOC40102302,60,66,126,0,0,0,0,0,0,60,66,126,126,123,249,4,3,7,190,192,382
ILOC40102303,87,107,194,6,10,16,0,4,4,93,121,214,5165,4908,10073,183,171,354,5441,5200,10641
ILOC40200101,221,226,447,0,0,0,3,0,3,224,226,450,17,12,29,0,0,0,241,238,479
ILOC40200102,62,59,121,0,0,0,0,0,0,62,59,121,4,4,8,10,3,13,76,66,142
ILOC40200103,142,156,298,0,0,0,0,0,0,142,156,298,55,38,93,4,0,4,201,194,395
ILOC40200104,31,38,69,0,0,0,0,0,0,31,38,69,5,0,5,0,0,0,36,38,74
ILOC40200105,113,117,230,0,0,0,5,7,12,118,124,242,24,18,42,0,0,0,142,142,284
ILOC40200106,55,51,106,0,0,0,0,0,0,55,51,106,3,5,8,0,0,0,58,56,114
ILOC40200107,119,122,241,0,0,0,3,4,7,122,126,248,19,14,33,0,0,0,141,140,281
ILOC40200108,37,53,90,0,0,0,0,0,0,37,53,90,15,12,27,0,0,0,52,65,117
ILOC40200109,205,233,438,0,0,0,0,0,0,205,233,438,23,34,57,4,5,9,232,272,504
ILOC40200110,25,17,42,0,0,0,0,0,0,25,17,42,0,3,3,0,3,3,25,23,48
ILOC40200201,111,138,249,0,3,3,0,0,0,111,141,252,743,519,1262,86,69,155,940,729,1669
ILOC40200202,11,12,23,0,0,0,0,0,0,11,12,23,3,0,3,0,0,0,14,12,26
ILOC40200301,52,62,114,0,0,0,0,0,0,52,62,114,11,9,20,17,15,32,80,86,166
ILOC40200302,31,26,57,0,0,0,0,0,0,31,26,57,3,3,6,3,3,6,37,32,69
ILOC40200303,126,89,215,0,0,0,0,0,0,126,89,215,1325,734,2059,200,125,325,1651,948,2599
ILOC40200304,31,34,65,0,0,0,0,0,0,31,34,65,310,223,533,4,5,9,345,262,607
ILOC40200305,43,27,70,3,0,3,0,0,0,46,27,73,2350,1801,4151,384,110,494,2780,1938,4718
ILOC40200401,383,421,804,23,27,50,14,15,29,420,463,883,14874,14970,29844,639,577,1216,15933,16010,31943
ILOC40200402,62,69,131,0,0,0,0,0,0,62,69,131,514,506,1020,28,26,54,604,601,1205
ILOC40200501,92,83,175,0,0,0,0,0,0,92,83,175,0,0,0,0,0,0,92,83,175
ILOC40200502,725,628,1353,5,6,11,12,3,15,742,637,1379,2677,2532,5209,384,365,749,3803,3534,7337
ILOC40200503,7,8,15,0,0,0,3,0,3,10,8,18,417,369,786,20,15,35,447,392,839
ILOC40200504,267,334,601,0,0,0,4,6,10,271,340,611,1475,1492,2967,121,99,220,1867,1931,3798
ILOC40200505,91,85,176,0,3,3,0,0,0,91,88,179,754,794,1548,62,52,114,907,934,1841
ILOC40200601,413,469,882,9,12,21,13,11,24,435,492,927,10316,10072,20388,667,557,1224,11418,11121,22539
ILOC40300101,217,254,471,3,0,3,0,0,0,220,254,474,863,844,1707,55,52,107,1138,1150,2288
ILOC40300102,64,75,139,0,0,0,0,0,0,64,75,139,0,0,0,0,3,3,64,78,142
ILOC40300103,78,96,174,0,0,0,0,0,0,78,96,174,96,79,175,5,0,5,179,175,354
ILOC40300104,36,40,76,0,0,0,0,0,0,36,40,76,310,281,591,15,9,24,361,330,691
ILOC40300201,134,125,259,0,3,3,0,3,3,134,131,265,7771,7217,14988,298,247,545,8203,7595,15798
ILOC40300202,39,29,68,0,0,0,0,0,0,39,29,68,26,15,41,0,0,0,65,44,109
ILOC40300203,27,26,53,0,0,0,0,0,0,27,26,53,138,91,229,35,25,60,200,142,342
ILOC40300204,116,143,259,0,0,0,0,4,4,116,147,263,12,13,25,5,0,5,133,160,293
ILOC40300301,370,401,771,5,7,12,3,0,3,378,408,786,6205,6559,12764,292,247,539,6875,7214,14089
ILOC49499494,82,74,156,0,0,0,5,3,8,87,77,164,1547,1119,2666,144,92,236,1778,1288,3066
ILOC49799797,0,0,0,0,0,0,0,0,0,0,0,0,5,0,5,0,0,0,5,0,5
ILOC50100101,627,601,1228,15,14,29,40,56,96,682,671,1353,1270,1147,2417,214,193,407,2166,2011,4177
ILOC50100102,161,136,297,0,7,7,6,6,12,167,149,316,1509,1420,2929,216,179,395,1892,1748,3640
ILOC50100103,119,100,219,5,3,8,8,7,15,132,110,242,31,22,53,3,0,3,166,132,298
ILOC50100104,432,542,974,7,3,10,9,12,21,448,557,1005,1762,1753,3515,261,220,481,2471,2530,5001
ILOC50100201,148,147,295,0,0,0,3,4,7,151,151,302,18,11,29,0,3,3,169,165,334
ILOC50100202,117,129,246,0,0,0,5,4,9,122,133,255,18,6,24,0,6,6,140,145,285
ILOC50100203,263,265,528,0,0,0,0,0,0,263,265,528,25,33,58,3,5,8,291,303,594
ILOC50100204,93,72,165,0,0,0,0,0,0,93,72,165,151,98,249,14,15,29,258,185,443
ILOC50100205,99,97,196,0,0,0,7,3,10,106,100,206,17,19,36,0,0,0,123,119,242
ILOC50200101,411,484,895,6,3,9,4,9,13,421,496,917,1960,1763,3723,254,263,517,2635,2522,5157
ILOC50200102,92,93,185,0,0,0,0,0,0,92,93,185,0,0,0,6,0,6,98,93,191
ILOC50200201,102,101,203,4,0,4,0,0,0,106,101,207,360,204,564,83,38,121,549,343,892
ILOC50200202,105,128,233,0,0,0,0,0,0,105,128,233,217,134,351,45,16,61,367,278,645
ILOC50200301,13,31,44,0,0,0,0,0,0,13,31,44,898,830,1728,57,37,94,968,898,1866
ILOC50200302,94,64,158,0,0,0,0,0,0,94,64,158,301,208,509,33,14,47,428,286,714
ILOC50200303,81,94,175,0,5,5,3,0,3,84,99,183,1467,1394,2861,83,62,145,1634,1555,3189
ILOC50200401,639,752,1391,3,4,7,6,11,17,648,767,1415,3742,3926,7668,297,296,593,4687,4989,9676
ILOC50200402,407,265,672,0,3,3,11,3,14,418,271,689,3062,2932,5994,142,95,237,3622,3298,6920
ILOC50200403,332,417,749,3,6,9,5,4,9,340,427,767,3419,3442,6861,215,201,416,3974,4070,8044
ILOC50200404,247,266,513,9,3,12,0,4,4,256,273,529,4908,5180,10088,277,217,494,5441,5670,11111
ILOC50200501,162,169,331,4,0,4,0,0,0,166,169,335,3868,3407,7275,294,162,456,4328,3738,8066
ILOC50200601,24,20,44,0,0,0,0,0,0,24,20,44,13,17,30,0,0,0,37,37,74
ILOC50200602,181,225,406,0,0,0,0,0,0,181,225,406,456,214,670,145,77,222,782,516,1298
ILOC50200701,53,49,102,0,0,0,0,0,0,53,49,102,8,7,15,0,0,0,61,56,117
ILOC50200702,64,53,117,0,0,0,0,4,4,64,57,121,626,542,1168,76,61,137,766,660,1426
ILOC50300101,187,252,439,5,3,8,0,3,3,192,258,450,4435,4633,9068,377,301,678,5004,5192,10196
ILOC50300102,71,79,150,5,0,5,0,0,0,76,79,155,2681,2311,4992,156,108,264,2913,2498,5411
ILOC50300201,90,104,194,0,0,0,0,4,4,90,108,198,345,271,616,70,68,138,505,447,952
ILOC50300202,13,30,43,0,0,0,0,0,0,13,30,43,3,0,3,0,0,0,16,30,46
ILOC50300203,35,20,55,3,0,3,0,0,0,38,20,58,438,185,623,142,31,173,618,236,854
ILOC50300204,53,46,99,0,0,0,0,0,0,53,46,99,1224,1118,2342,132,124,256,1409,1288,2697
ILOC50300205,27,43,70,0,0,0,6,3,9,33,46,79,4,0,4,0,0,0,37,46,83
ILOC50300206,51,53,104,0,0,0,0,0,0,51,53,104,302,300,602,45,26,71,398,379,777
ILOC50300301,925,975,1900,26,20,46,15,24,39,966,1019,1985,13137,12130,25267,1978,1505,3483,16081,14654,30735
ILOC50300302,46,49,95,0,0,0,3,3,6,49,52,101,0,4,4,0,0,0,49,56,105
ILOC50300401,32,31,63,0,0,0,0,0,0,32,31,63,6,4,10,0,0,0,38,35,73
ILOC50300402,67,58,125,0,0,0,0,0,0,67,58,125,9,8,17,5,5,10,81,71,152
ILOC50300403,54,54,108,0,0,0,0,0,0,54,54,108,7,11,18,0,0,0,61,65,126
ILOC50300404,152,171,323,4,0,4,0,3,3,156,174,330,595,179,774,102,30,132,853,383,1236
ILOC50300405,42,39,81,0,0,0,0,4,4,42,43,85,5,3,8,0,0,0,47,46,93
ILOC50300406,78,85,163,0,0,0,0,0,0,78,85,163,12,11,23,0,0,0,90,96,186
ILOC50300407,63,72,135,0,0,0,0,0,0,63,72,135,4,10,14,0,0,0,67,82,149
ILOC50300408,80,75,155,0,0,0,0,0,0,80,75,155,12,8,20,3,0,3,95,83,178
ILOC50300501,86,104,190,0,0,0,0,0,0,86,104,190,256,192,448,81,60,141,423,356,779
ILOC50300502,54,64,118,0,3,3,3,0,3,57,67,124,983,417,1400,317,74,391,1357,558,1915
ILOC50300503,91,88,179,0,0,0,0,0,0,91,88,179,12,13,25,0,0,0,103,101,204
ILOC50300601,173,222,395,0,0,0,0,0,0,173,222,395,53,24,77,0,3,3,226,249,475
ILOC50300701,143,140,283,3,0,3,4,0,4,150,140,290,566,163,729,100,38,138,816,341,1157
ILOC50400101,71,54,125,0,0,0,3,0,3,74,54,128,165,52,217,62,12,74,301,118,419
ILOC50400102,30,57,87,0,0,0,0,0,0,30,57,87,9,7,16,0,0,0,39,64,103
ILOC50400103,132,94,226,0,5,5,0,0,0,132,99,231,30,31,61,4,3,7,166,133,299
ILOC50400201,235,224,459,0,0,0,0,0,0,235,224,459,28,20,48,0,0,0,263,244,507
ILOC50400202,49,38,87,0,0,0,0,3,3,49,41,90,143,51,194,24,5,29,216,97,313
ILOC50400203,77,96,173,0,0,0,0,0,0,77,96,173,8,7,15,0,0,0,85,103,188
ILOC50400204,116,128,244,0,0,0,0,0,0,116,128,244,6,4,10,0,4,4,122,136,258
ILOC50400205,69,67,136,0,0,0,0,0,0,69,67,136,9,6,15,0,0,0,78,73,151
ILOC50400301,276,335,611,0,0,0,0,0,0,276,335,611,165,168,333,10,11,21,451,514,965
ILOC50400302,159,180,339,0,0,0,10,4,14,169,184,353,0,0,0,0,0,0,169,184,353
ILOC50400303,51,62,113,0,0,0,0,0,0,51,62,113,7,0,7,0,0,0,58,62,120
ILOC50400401,205,174,379,0,0,0,0,0,0,205,174,379,12,15,27,0,3,3,217,192,409
ILOC50400501,178,210,388,0,0,0,11,6,17,189,216,405,20,20,40,10,11,21,219,247,466
ILOC50400601,461,565,1026,6,8,14,7,3,10,474,576,1050,1586,1431,3017,249,170,419,2309,2177,4486
ILOC50400602,79,79,158,0,0,0,0,0,0,79,79,158,0,0,0,0,0,0,79,79,158
ILOC50400603,66,62,128,0,0,0,3,0,3,69,62,131,0,0,0,6,0,6,75,62,137
ILOC50400701,97,91,188,3,3,6,0,0,0,100,94,194,377,337,714,35,19,54,512,450,962
ILOC50400702,75,80,155,0,0,0,0,0,0,75,80,155,55,57,112,7,12,19,137,149,286
ILOC50400801,185,225,410,0,0,0,0,0,0,185,225,410,159,130,289,47,41,88,391,396,787
ILOC50500101,315,322,637,4,6,10,6,3,9,325,331,656,5507,5745,11252,495,451,946,6327,6527,12854
ILOC50500102,149,190,339,5,7,12,4,4,8,158,201,359,12102,12168,24270,549,455,1004,12809,12824,25633
ILOC50500103,140,97,237,4,4,8,0,5,5,144,106,250,4499,4590,9089,360,321,681,5003,5017,10020
ILOC50500104,144,133,277,0,4,4,3,3,6,147,140,287,4142,4232,8374,307,251,558,4596,4623,9219
ILOC50500105,96,91,187,3,0,3,0,3,3,99,94,193,2052,2049,4101,155,121,276,2306,2264,4570
ILOC50500201,195,179,374,7,3,10,3,0,3,205,182,387,6608,6718,13326,362,329,691,7175,7229,14404
ILOC50500301,145,183,328,10,4,14,12,17,29,167,204,371,13991,14164,28155,636,545,1181,14794,14913,29707
ILOC50500302,186,235,421,13,3,16,7,9,16,206,247,453,14171,14203,28374,1192,802,1994,15569,15252,30821
ILOC50500401,155,198,353,3,3,6,5,7,12,163,208,371,5938,5835,11773,645,499,1144,6746,6542,13288
ILOC50500402,126,151,277,3,3,6,7,5,12,136,159,295,3320,3275,6595,200,182,382,3656,3616,7272
ILOC50500403,57,56,113,0,3,3,0,0,0,57,59,116,2868,2899,5767,180,127,307,3105,3085,6190
ILOC50500404,103,150,253,6,7,13,0,0,0,109,157,266,3815,3591,7406,397,332,729,4321,4080,8401
ILOC50500501,138,122,260,5,5,10,8,4,12,151,131,282,20826,21608,42434,763,605,1368,21740,22344,44084
ILOC50500502,272,290,562,3,3,6,0,0,0,275,293,568,14316,13682,27998,1264,928,2192,15855,14903,30758
ILOC50500503,27,12,39,0,0,0,0,0,0,27,12,39,4839,5026,9865,131,122,253,4997,5160,10157
ILOC50500601,171,173,344,6,3,9,3,3,6,180,179,359,10092,10247,20339,499,461,960,10771,10887,21658
ILOC50500602,105,123,228,0,3,3,3,0,3,108,126,234,8235,8192,16427,444,308,752,8787,8626,17413
ILOC50500603,227,253,480,7,9,16,3,14,17,237,276,513,16023,15919,31942,712,603,1315,16972,16798,33770
ILOC50500604,92,107,199,0,0,0,0,0,0,92,107,199,2199,2256,4455,144,118,262,2435,2481,4916
ILOC50500605,145,137,282,4,0,4,5,3,8,154,140,294,4627,4805,9432,309,245,554,5090,5190,10280
ILOC50500701,214,236,450,5,0,5,8,5,13,227,241,468,15146,16085,31231,986,829,1815,16359,17155,33514
ILOC50500801,67,63,130,3,4,7,5,6,11,75,73,148,3183,2941,6124,201,153,354,3459,3167,6626
ILOC50500802,307,62,369,5,0,5,6,0,6,318,62,380,12542,12351,24893,675,546,1221,13535,12959,26494
ILOC50500803,293,368,661,0,6,6,8,3,11,301,377,678,8342,8494,16836,869,788,1657,9512,9659,19171
ILOC50500804,96,91,187,5,3,8,3,3,6,104,97,201,3980,4063,8043,167,133,300,4251,4293,8544
ILOC50500805,88,107,195,3,3,6,0,0,0,91,110,201,2405,2342,4747,279,234,513,2775,2686,5461
ILOC50500806,65,92,157,0,0,0,0,0,0,65,92,157,2615,2500,5115,151,104,255,2831,2696,5527
ILOC50500807,179,192,371,3,3,6,3,4,7,185,199,384,5429,5276,10705,370,338,708,5984,5813,11797
ILOC50500808,205,241,446,3,7,10,3,4,7,211,252,463,10657,10813,21470,540,492,1032,11408,11557,22965
ILOC50500901,123,139,262,4,4,8,10,9,19,137,152,289,24738,25482,50220,1057,798,1855,25932,26432,52364
ILOC50500902,269,274,543,14,20,34,7,6,13,290,300,590,47328,48728,96056,1813,1580,3393,49431,50608,100039
ILOC50501001,163,169,332,4,0,4,0,0,0,167,169,336,5199,5399,10598,353,286,639,5719,5854,11573
ILOC50501002,147,130,277,6,3,9,3,3,6,156,136,292,5347,5410,10757,409,323,732,5912,5869,11781
ILOC50501003,107,166,273,0,0,0,0,6,6,107,172,279,14110,14534,28644,681,604,1285,14898,15310,30208
ILOC50501101,334,341,675,9,11,20,0,0,0,343,352,695,7864,8092,15956,832,724,1556,9039,9168,18207
ILOC50501102,350,76,426,3,5,8,8,5,13,361,86,447,5150,4841,9991,325,257,582,5836,5184,11020
ILOC50501201,94,112,206,3,3,6,0,0,0,97,115,212,23694,26558,50252,1336,1106,2442,25127,27779,52906
ILOC50501202,164,172,336,6,8,14,3,4,7,173,184,357,21407,22396,43803,678,623,1301,22258,23203,45461
ILOC50501301,568,165,733,4,3,7,11,0,11,583,168,751,14452,13892,28344,759,683,1442,15794,14743,30537
ILOC50501302,171,162,333,0,3,3,3,0,3,174,165,339,3589,3680,7269,211,208,419,3974,4053,8027
ILOC50501401,122,110,232,6,0,6,3,6,9,131,116,247,20507,18951,39458,2842,2046,4888,23480,21113,44593
ILOC50501402,146,158,304,6,4,10,4,12,16,156,174,330,37193,40139,77332,2268,2094,4362,39617,42407,82024
ILOC50501501,470,506,976,13,9,22,6,7,13,489,522,1011,20593,21415,42008,1530,1284,2814,22612,23221,45833
ILOC50501502,164,186,350,4,4,8,5,0,5,173,190,363,11628,12076,23704,846,642,1488,12647,12908,25555
ILOC50501503,174,170,344,4,3,7,0,3,3,178,176,354,15211,15366,30577,766,512,1278,16155,16054,32209
ILOC50501601,128,113,241,6,9,15,0,0,0,134,122,256,8521,8316,16837,393,317,710,9048,8755,17803
ILOC50501701,222,204,426,3,3,6,6,3,9,231,210,441,18214,19321,37535,1281,1121,2402,19726,20652,40378
ILOC50501702,219,267,486,3,5,8,6,3,9,228,275,503,14911,15056,29967,1345,985,2330,16484,16316,32800
ILOC50501801,253,259,512,9,16,25,4,3,7,266,278,544,31013,32547,63560,2127,1715,3842,33406,34540,67946
ILOC50501802,244,325,569,9,5,14,9,6,15,262,336,598,22474,24087,46561,1300,1222,2522,24036,25645,49681
ILOC50501803,193,236,429,5,3,8,3,3,6,201,242,443,7095,6939,14034,619,594,1213,7915,7775,15690
ILOC50501804,356,420,776,8,14,22,9,6,15,373,440,813,33867,35359,69226,2675,2137,4812,36915,37936,74851
ILOC50501901,161,185,346,0,0,0,3,4,7,164,189,353,9489,9770,19259,430,326,756,10083,10285,20368
ILOC50501902,377,419,796,9,12,21,4,0,4,390,431,821,9939,9666,19605,539,498,1037,10868,10595,21463
ILOC50501903,49,55,104,0,0,0,0,0,0,49,55,104,782,721,1503,96,85,181,927,861,1788
ILOC50501904,124,237,361,8,3,11,0,3,3,132,243,375,7832,7924,15756,579,541,1120,8543,8708,17251
ILOC50501905,246,260,506,12,17,29,14,8,22,272,285,557,10156,10699,20855,483,455,938,10911,11439,22350
ILOC50501906,60,72,132,0,0,0,0,0,0,60,72,132,3184,3005,6189,209,179,388,3453,3256,6709
ILOC50501907,51,59,110,3,3,6,0,3,3,54,65,119,1772,1902,3674,204,160,364,2030,2127,4157
ILOC50501908,194,194,388,3,3,6,5,6,11,202,203,405,2470,2375,4845,218,177,395,2890,2755,5645
ILOC50501909,135,149,284,0,0,0,0,0,0,135,149,284,3037,3100,6137,169,131,300,3341,3380,6721
ILOC50502001,613,672,1285,23,16,39,16,11,27,652,699,1351,45196,46289,91485,2164,1861,4025,48012,48849,96861
ILOC50502101,416,493,909,17,16,33,9,9,18,442,518,960,24929,25808,50737,1860,1702,3562,27231,28028,55259
ILOC50600101,149,50,199,6,3,9,5,3,8,160,56,216,3002,574,3576,944,147,1091,4106,777,4883
ILOC50600102,167,158,325,0,0,0,0,0,0,167,158,325,17,18,35,59,7,66,243,183,426
ILOC50600103,94,104,198,0,0,0,0,0,0,94,104,198,6,9,15,3,0,3,103,113,216
ILOC50600104,38,34,72,0,0,0,0,0,0,38,34,72,7,0,7,0,0,0,45,34,79
ILOC50600105,58,68,126,0,0,0,0,0,0,58,68,126,54,44,98,5,0,5,117,112,229
ILOC50600106,251,244,495,20,12,32,11,10,21,282,266,548,2179,1733,3912,653,363,1016,3114,2362,5476
ILOC50600107,50,59,109,0,0,0,0,7,7,50,66,116,28,26,54,4,3,7,82,95,177
ILOC50600108,60,57,117,0,0,0,0,0,0,60,57,117,3,6,9,0,3,3,63,66,129
ILOC50600109,70,66,136,0,0,0,0,0,0,70,66,136,8,11,19,0,0,0,78,77,155
ILOC50600110,86,78,164,0,0,0,0,0,0,86,78,164,5,4,9,0,0,0,91,82,173
ILOC50600201,204,140,344,10,3,13,4,0,4,218,143,361,3674,1773,5447,1019,260,1279,4911,2176,7087
ILOC50600202,81,97,178,0,0,0,0,0,0,81,97,178,227,178,405,44,39,83,352,314,666
ILOC50600203,71,65,136,3,0,3,3,5,8,77,70,147,686,559,1245,73,43,116,836,672,1508
ILOC50600204,137,115,252,12,15,27,7,11,18,156,141,297,1486,1242,2728,58,52,110,1700,1435,3135
ILOC50600301,397,373,770,36,18,54,20,23,43,453,414,867,7132,5396,12528,1940,1141,3081,9525,6951,16476
ILOC50600401,45,50,95,0,0,0,3,0,3,48,50,98,5,3,8,0,0,0,53,53,106
ILOC50600402,53,38,91,0,0,0,0,0,0,53,38,91,575,189,764,264,43,307,892,270,1162
ILOC50600403,91,78,169,11,6,17,4,0,4,106,84,190,1861,1387,3248,551,317,868,2518,1788,4306
ILOC50600404,772,839,1611,50,32,82,32,34,66,854,905,1759,3249,2598,5847,966,805,1771,5069,4308,9377
ILOC50600405,33,43,76,0,3,3,3,3,6,36,49,85,3,0,3,0,0,0,39,49,88
ILOC50600501,219,79,298,0,0,0,3,0,3,222,79,301,327,157,484,87,30,117,636,266,902
ILOC50600502,35,20,55,0,0,0,0,3,3,35,23,58,1418,610,2028,784,190,974,2237,823,3060
ILOC50600503,79,79,158,0,0,0,0,0,0,79,79,158,21,19,40,3,8,11,103,106,209
ILOC50600504,175,160,335,0,0,0,3,0,3,178,160,338,121,91,212,30,22,52,329,273,602
ILOC50600505,140,150,290,8,5,13,0,0,0,148,155,303,605,475,1080,165,102,267,918,732,1650
ILOC50700101,278,309,587,6,0,6,4,6,10,288,315,603,6946,7863,14809,343,286,629,7577,8464,16041
ILOC50700102,295,181,476,0,0,0,3,0,3,298,181,479,8351,8141,16492,353,288,641,9002,8610,17612
ILOC50700201,289,336,625,4,0,4,0,0,0,293,336,629,8147,7824,15971,504,400,904,8944,8560,17504
ILOC50700202,33,36,69,0,3,3,0,0,0,33,39,72,367,373,740,20,19,39,420,431,851
ILOC50700203,58,57,115,0,0,0,0,0,0,58,57,115,507,506,1013,36,21,57,601,584,1185
ILOC50700204,59,75,134,0,0,0,0,0,0,59,75,134,234,263,497,12,7,19,305,345,650
ILOC50700205,59,40,99,0,0,0,0,0,0,59,40,99,1043,1105,2148,83,58,141,1185,1203,2388
ILOC50700301,97,117,214,5,7,12,3,0,3,105,124,229,7257,7553,14810,428,349,777,7790,8026,15816
ILOC50700302,48,60,108,3,0,3,0,7,7,51,67,118,1669,1698,3367,122,90,212,1842,1855,3697
ILOC50700303,119,67,186,0,0,0,0,0,0,119,67,186,1718,1591,3309,94,99,193,1931,1757,3688
ILOC50700304,109,141,250,5,4,9,0,0,0,114,145,259,2136,2191,4327,219,234,453,2469,2570,5039
ILOC50700305,78,93,171,4,3,7,0,3,3,82,99,181,1328,1309,2637,154,138,292,1564,1546,3110
ILOC50700401,231,252,483,5,0,5,3,4,7,239,256,495,13786,14610,28396,724,672,1396,14749,15538,30287
ILOC50700501,113,135,248,0,3,3,0,0,0,113,138,251,2414,2182,4596,117,106,223,2644,2426,5070
ILOC50700502,48,43,91,3,5,8,0,0,0,51,48,99,1779,1329,3108,184,79,263,2014,1456,3470
ILOC50700601,221,223,444,6,3,9,6,3,9,233,229,462,10755,10721,21476,670,629,1299,11658,11579,23237
ILOC50700701,54,65,119,0,0,0,0,3,3,54,68,122,1119,1077,2196,67,52,119,1240,1197,2437
ILOC50700702,76,81,157,3,4,7,4,3,7,83,88,171,2247,1975,4222,131,59,190,2461,2122,4583
ILOC50700703,68,63,131,0,0,0,0,0,0,68,63,131,503,482,985,21,25,46,592,570,1162
ILOC50700801,78,64,142,0,0,0,0,3,3,78,67,145,1371,1205,2576,64,48,112,1513,1320,2833
ILOC50700802,127,145,272,0,0,0,3,0,3,130,145,275,1903,1861,3764,92,62,154,2125,2068,4193
ILOC50700901,640,652,1292,25,23,48,3,9,12,668,684,1352,33765,35782,69547,2432,1985,4417,36865,38451,75316
ILOC50701001,106,93,199,0,3,3,3,3,6,109,99,208,4689,4697,9386,255,230,485,5053,5026,10079
ILOC50701002,99,128,227,10,10,20,0,0,0,109,138,247,4311,4229,8540,220,174,394,4640,4541,9181
ILOC50701101,114,115,229,0,4,4,5,10,15,119,129,248,6221,5781,12002,562,386,948,6902,6296,13198
ILOC50701102,129,168,297,0,5,5,3,0,3,132,173,305,1052,1015,2067,62,43,105,1246,1231,2477
ILOC50701201,43,46,89,0,3,3,0,0,0,43,49,92,1394,1040,2434,316,86,402,1753,1175,2928
ILOC50701202,97,104,201,7,3,10,7,3,10,111,110,221,3657,3666,7323,234,200,434,4002,3976,7978
ILOC50701203,52,52,104,0,0,0,0,0,0,52,52,104,1638,1690,3328,85,67,152,1775,1809,3584
ILOC50701301,183,198,381,3,3,6,0,4,4,186,205,391,2014,2014,4028,100,80,180,2300,2299,4599
ILOC50701302,249,240,489,3,3,6,0,3,3,252,246,498,4392,4379,8771,169,160,329,4813,4785,9598
ILOC50701401,210,249,459,5,3,8,0,3,3,215,255,470,2700,2807,5507,310,296,606,3225,3358,6583
ILOC50701501,66,48,114,0,0,0,0,0,0,66,48,114,5371,5449,10820,462,366,828,5899,5863,11762
ILOC50701502,41,53,94,0,0,0,0,0,0,41,53,94,3439,3433,6872,107,99,206,3587,3585,7172
ILOC50701503,255,295,550,5,5,10,4,8,12,264,308,572,12478,12712,25190,727,595,1322,13469,13615,27084
ILOC50701504,140,127,267,4,6,10,5,3,8,149,136,285,4422,3929,8351,335,156,491,4906,4221,9127
ILOC50701505,36,57,93,3,3,6,3,3,6,42,63,105,2507,2492,4999,130,86,216,2679,2641,5320
ILOC50800101,338,436,774,0,0,0,18,16,34,356,452,808,770,664,1434,310,291,601,1436,1407,2843
ILOC50800102,59,50,109,0,0,0,0,0,0,59,50,109,0,0,0,0,0,0,59,50,109
ILOC50800103,132,157,289,0,0,0,3,3,6,135,160,295,0,5,5,3,5,8,138,170,308
ILOC50800201,97,113,210,0,0,0,3,0,3,100,113,213,165,165,330,18,19,37,283,297,580
ILOC50800202,26,22,48,0,0,0,0,0,0,26,22,48,25,16,41,5,4,9,56,42,98
ILOC50800203,184,169,353,0,0,0,3,3,6,187,172,359,7,6,13,3,3,6,197,181,378
ILOC50800204,88,94,182,0,0,0,0,3,3,88,97,185,0,0,0,0,0,0,88,97,185
ILOC50800205,113,143,256,0,0,0,0,0,0,113,143,256,11,13,24,3,0,3,127,156,283
ILOC50800301,132,144,276,3,3,6,10,18,28,145,165,310,6,4,10,0,0,0,151,169,320
ILOC50800302,41,37,78,0,0,0,0,0,0,41,37,78,3,0,3,0,0,0,44,37,81
ILOC50800303,73,63,136,0,0,0,0,0,0,73,63,136,9,4,13,0,0,0,82,67,149
ILOC50800304,17,37,54,0,0,0,0,0,0,17,37,54,0,0,0,0,0,0,17,37,54
ILOC50800305,28,28,56,0,0,0,0,0,0,28,28,56,0,0,0,0,0,0,28,28,56
ILOC50800306,63,64,127,0,0,0,0,0,0,63,64,127,5,3,8,0,0,0,68,67,135
ILOC50800307,76,90,166,0,0,0,0,0,0,76,90,166,10,9,19,0,0,0,86,99,185
ILOC50800308,52,47,99,0,0,0,0,0,0,52,47,99,0,3,3,0,0,0,52,50,102
ILOC50800401,25,40,65,0,0,0,0,0,0,25,40,65,7,0,7,0,0,0,32,40,72
ILOC50800402,21,25,46,0,0,0,4,5,9,25,30,55,8,4,12,0,0,0,33,34,67
ILOC50800403,183,182,365,0,0,0,3,0,3,186,182,368,3,0,3,3,3,6,192,185,377
ILOC50800404,66,67,133,0,0,0,0,0,0,66,67,133,1620,102,1722,44,13,57,1730,182,1912
ILOC50800405,66,62,128,0,0,0,0,0,0,66,62,128,0,3,3,0,0,0,66,65,131
ILOC59499494,240,184,424,10,3,13,11,5,16,261,192,453,3515,2586,6101,509,234,743,4285,3012,7297
ILOC59799797,4,0,4,3,0,3,0,0,0,7,0,7,313,28,341,63,4,67,383,32,415
ILOC60100101,586,642,1228,24,26,50,35,22,57,645,690,1335,11072,12151,23223,517,509,1026,12234,13350,25584
ILOC60100102,476,517,993,33,33,66,17,29,46,526,579,1105,7932,8487,16419,390,370,760,8848,9436,18284
ILOC60100103,71,64,135,4,8,12,0,0,0,75,72,147,1231,1189,2420,61,54,115,1367,1315,2682
ILOC60100201,46,46,92,4,0,4,3,3,6,53,49,102,1736,1670,3406,62,48,110,1851,1767,3618
ILOC60100202,36,53,89,0,4,4,7,4,11,43,61,104,1036,918,1954,65,46,111,1144,1025,2169
ILOC60100203,157,184,341,28,19,47,10,5,15,195,208,403,4753,4536,9289,162,162,324,5110,4906,10016
ILOC60100204,88,98,186,10,4,14,0,4,4,98,106,204,3979,4082,8061,124,98,222,4201,4286,8487
ILOC60100205,132,114,246,4,8,12,4,0,4,140,122,262,2819,2723,5542,150,118,268,3109,2963,6072
ILOC60100301,475,516,991,49,59,108,30,36,66,554,611,1165,6522,6886,13408,406,481,887,7482,7978,15460
ILOC60100302,670,665,1335,46,52,98,37,24,61,753,741,1494,23520,24871,48391,1012,908,1920,25285,26520,51805
ILOC60100303,787,874,1661,70,75,145,34,47,81,891,996,1887,19515,21189,40704,882,866,1748,21288,23051,44339
ILOC60100304,280,285,565,10,15,25,3,7,10,293,307,600,22081,23467,45548,1279,1031,2310,23653,24805,48458
ILOC60100401,71,89,160,10,15,25,0,0,0,81,104,185,312,306,618,18,23,41,411,433,844
ILOC60100402,25,29,54,4,5,9,3,5,8,32,39,71,269,271,540,13,6,19,314,316,630
ILOC60100403,493,487,980,18,24,42,15,10,25,526,521,1047,6126,6048,12174,252,190,442,6904,6759,13663
ILOC60100501,490,485,975,24,28,52,11,9,20,525,522,1047,15566,16584,32150,525,517,1042,16616,17623,34239
ILOC60100601,869,940,1809,42,39,81,25,31,56,936,1010,1946,27961,29826,57787,1270,1261,2531,30167,32097,62264
ILOC60100701,94,97,191,0,9,9,3,3,6,97,109,206,3945,4298,8243,72,100,172,4114,4507,8621
ILOC60100702,104,109,213,7,9,16,4,5,9,115,123,238,2917,2747,5664,102,93,195,3134,2963,6097
ILOC60100703,109,116,225,14,10,24,6,8,14,129,134,263,4780,4990,9770,196,182,378,5105,5306,10411
ILOC60100801,102,108,210,3,10,13,0,6,6,105,124,229,2891,2775,5666,153,128,281,3149,3027,6176
ILOC60100802,86,101,187,12,11,23,5,7,12,103,119,222,3158,3188,6346,143,117,260,3404,3424,6828
ILOC60100803,68,55,123,0,0,0,0,4,4,68,59,127,318,286,604,23,20,43,409,365,774
ILOC60100804,125,148,273,3,4,7,3,4,7,131,156,287,3048,3081,6129,143,134,277,3322,3371,6693
ILOC60100901,80,67,147,6,3,9,9,3,12,95,73,168,1936,1889,3825,75,96,171,2106,2058,4164
ILOC60100902,219,224,443,21,18,39,24,19,43,264,261,525,6011,6149,12160,281,276,557,6556,6686,13242
ILOC60100903,60,41,101,6,6,12,3,4,7,69,51,120,1090,1042,2132,56,48,104,1215,1141,2356
ILOC60101001,493,509,1002,29,29,58,15,27,42,537,565,1102,8382,9098,17480,367,380,747,9286,10043,19329
ILOC60101002,447,457,904,15,13,28,18,17,35,480,487,967,4124,4030,8154,244,175,419,4848,4692,9540
ILOC60101003,109,93,202,3,7,10,0,3,3,112,103,215,1795,1620,3415,66,41,107,1973,1764,3737
ILOC60101004,275,310,585,20,16,36,6,6,12,301,332,633,4283,4691,8974,201,161,362,4785,5184,9969
ILOC60101005,142,122,264,16,14,30,4,10,14,162,146,308,2144,1967,4111,141,118,259,2447,2231,4678
ILOC60101101,198,156,354,23,16,39,3,3,6,224,175,399,4185,4344,8529,177,145,322,4586,4664,9250
ILOC60101102,193,205,398,12,13,25,0,6,6,205,224,429,10931,11547,22478,419,357,776,11555,12128,23683
ILOC69499494,57,16,73,0,0,0,3,0,3,60,16,76,514,415,929,39,29,68,613,460,1073
ILOC69799797,4,3,7,0,0,0,0,0,0,4,3,7,74,28,102,4,3,7,82,34,116
ILOC70100101,334,357,691,4,0,4,7,6,13,345,363,708,1519,1491,3010,217,137,354,2081,1991,4072
ILOC70100102,312,369,681,0,8,8,4,4,8,316,381,697,1704,1705,3409,193,117,310,2213,2203,4416
ILOC70100103,74,103,177,3,0,3,0,0,0,77,103,180,594,576,1170,69,53,122,740,732,1472
ILOC70100104,9,11,20,0,0,0,3,0,3,12,11,23,197,181,378,16,16,32,225,208,433
ILOC70100105,439,514,953,3,3,6,7,6,13,449,523,972,1813,1834,3647,218,205,423,2480,2562,5042
ILOC70100106,168,176,344,3,3,6,0,3,3,171,182,353,1495,1446,2941,190,156,346,1856,1784,3640
ILOC70100107,369,368,737,4,4,8,3,4,7,376,376,752,1828,1965,3793,267,216,483,2471,2557,5028
ILOC70100108,59,61,120,3,0,3,0,0,0,62,61,123,21,26,47,0,3,3,83,90,173
ILOC70100201,44,34,78,0,0,0,0,0,0,44,34,78,0,0,0,4,5,9,48,39,87
ILOC70100202,77,96,173,0,0,0,0,0,0,77,96,173,5,0,5,0,3,3,82,99,181
ILOC70100203,86,119,205,0,0,0,0,0,0,86,119,205,3,0,3,0,0,0,89,119,208
ILOC70100204,80,90,170,0,0,0,0,0,0,80,90,170,4,0,4,0,0,0,84,90,174
ILOC70100205,20,22,42,0,0,0,0,0,0,20,22,42,0,0,0,0,0,0,20,22,42
ILOC70100206,53,68,121,0,0,0,0,0,0,53,68,121,0,0,0,3,3,6,56,71,127
ILOC70100207,43,46,89,0,0,0,0,0,0,43,46,89,0,0,0,0,0,0,43,46,89
ILOC70200101,127,136,263,0,0,0,4,0,4,131,136,267,5,0,5,0,3,3,136,139,275
ILOC70200102,255,247,502,0,0,0,0,0,0,255,247,502,27,21,48,4,0,4,286,268,554
ILOC70200103,634,183,817,3,3,6,0,0,0,637,186,823,86,30,116,25,14,39,748,230,978
ILOC70200104,74,113,187,0,0,0,0,0,0,74,113,187,4,4,8,5,0,5,83,117,200
ILOC70200201,189,179,368,0,0,0,3,0,3,192,179,371,12,15,27,4,3,7,208,197,405
ILOC70200301,48,58,106,0,0,0,0,0,0,48,58,106,33,19,52,4,3,7,85,80,165
ILOC70200302,24,37,61,0,0,0,0,0,0,24,37,61,32,22,54,5,3,8,61,62,123
ILOC70200303,115,114,229,0,0,0,0,0,0,115,114,229,6,11,17,4,0,4,125,125,250
ILOC70200304,46,50,96,0,0,0,0,0,0,46,50,96,0,0,0,3,6,9,49,56,105
ILOC70200305,99,91,190,0,0,0,0,3,3,99,94,193,0,0,0,0,3,3,99,97,196
ILOC70200306,54,57,111,0,0,0,0,0,0,54,57,111,0,0,0,0,0,0,54,57,111
ILOC70200401,74,67,141,3,0,3,0,6,6,77,73,150,6,6,12,0,3,3,83,82,165
ILOC70200402,0,0,0,0,0,0,0,0,0,0,0,0,15,14,29,27,14,41,42,28,70
ILOC70200501,85,79,164,0,0,0,0,0,0,85,79,164,6,11,17,3,0,3,94,90,184
ILOC70200502,55,51,106,0,0,0,0,0,0,55,51,106,52,37,89,4,3,7,111,91,202
ILOC70200503,61,74,135,0,0,0,0,0,0,61,74,135,3,3,6,0,0,0,64,77,141
ILOC70200601,73,74,147,0,0,0,0,0,0,73,74,147,5,6,11,0,0,0,78,80,158
ILOC70200602,78,88,166,0,0,0,0,0,0,78,88,166,4,13,17,0,0,0,82,101,183
ILOC70200701,246,291,537,0,0,0,0,0,0,246,291,537,33,47,80,3,4,7,282,342,624
ILOC70200801,111,142,253,0,0,0,3,10,13,114,152,266,12,17,29,0,0,0,126,169,295
ILOC70200802,27,39,66,0,0,0,3,0,3,30,39,69,89,69,158,22,21,43,141,129,270
ILOC70200901,87,84,171,0,0,0,0,0,0,87,84,171,4,5,9,3,3,6,94,92,186
ILOC70200902,126,124,250,0,0,0,0,0,0,126,124,250,419,339,758,102,70,172,647,533,1180
ILOC70201001,83,101,184,0,0,0,0,0,0,83,101,184,13,10,23,3,0,3,99,111,210
ILOC70201002,13,10,23,0,0,0,3,0,3,16,10,26,184,29,213,24,5,29,224,44,268
ILOC70201101,166,206,372,0,0,0,4,0,4,170,206,376,19,19,38,3,0,3,192,225,417
ILOC70201102,40,39,79,0,0,0,0,0,0,40,39,79,0,0,0,0,0,0,40,39,79
ILOC70201201,11,15,26,0,0,0,0,0,0,11,15,26,0,0,0,0,0,0,11,15,26
ILOC70201202,26,42,68,0,0,0,0,0,0,26,42,68,0,0,0,0,0,0,26,42,68
ILOC70201203,37,50,87,0,0,0,0,0,0,37,50,87,0,0,0,0,0,0,37,50,87
ILOC70201204,224,256,480,0,0,0,3,0,3,227,256,483,17,9,26,4,5,9,248,270,518
ILOC70201301,179,233,412,0,0,0,0,0,0,179,233,412,15,19,34,5,0,5,199,252,451
ILOC70201302,0,0,0,0,0,0,0,0,0,0,0,0,0,0,0,0,0,0,0,0,0
ILOC70201401,98,120,218,0,0,0,0,0,0,98,120,218,6,11,17,0,0,0,104,131,235
ILOC70201402,34,31,65,0,0,0,0,0,0,34,31,65,14,11,25,3,0,3,51,42,93
ILOC70201403,98,105,203,0,0,0,0,0,0,98,105,203,18,15,33,3,3,6,119,123,242
ILOC70201404,28,34,62,0,0,0,0,0,0,28,34,62,3,3,6,0,0,0,31,37,68
ILOC70201501,100,103,203,0,0,0,0,0,0,100,103,203,5,7,12,3,3,6,108,113,221
ILOC70201601,91,98,189,0,0,0,0,0,0,91,98,189,5,7,12,0,4,4,96,109,205
ILOC70201701,281,304,585,0,0,0,0,0,0,281,304,585,36,55,91,4,5,9,321,364,685
ILOC70300101,88,77,165,7,5,12,6,7,13,101,89,190,858,781,1639,137,158,295,1096,1028,2124
ILOC70300102,51,47,98,9,5,14,8,9,17,68,61,129,1426,1326,2752,106,66,172,1600,1453,3053
ILOC70300201,122,135,257,4,5,9,24,25,49,150,165,315,968,928,1896,98,94,192,1216,1187,2403
ILOC70300202,112,111,223,0,3,3,16,23,39,128,137,265,1018,976,1994,188,173,361,1334,1286,2620
ILOC70300301,98,95,193,3,0,3,3,0,3,104,95,199,4,3,7,14,3,17,122,101,223
ILOC70300302,95,130,225,4,3,7,5,13,18,104,146,250,1528,1582,3110,205,191,396,1837,1919,3756
ILOC70300303,15,21,36,0,0,0,0,0,0,15,21,36,7,5,12,0,0,0,22,26,48
ILOC70300304,65,60,125,3,0,3,3,3,6,71,63,134,187,168,355,39,11,50,297,242,539
ILOC70300401,72,83,155,0,0,0,0,0,0,72,83,155,294,249,543,42,30,72,408,362,770
ILOC70300402,29,37,66,0,0,0,6,8,14,35,45,80,89,70,159,61,36,97,185,151,336
ILOC70300403,86,87,173,0,0,0,0,0,0,86,87,173,4,5,9,0,0,0,90,92,182
ILOC70300404,54,54,108,3,3,6,3,3,6,60,60,120,414,322,736,45,30,75,519,412,931
ILOC70300501,99,100,199,6,3,9,5,0,5,110,103,213,2022,1554,3576,477,279,756,2609,1936,4545
ILOC70300502,115,141,256,10,3,13,7,9,16,132,153,285,2006,1876,3882,218,147,365,2356,2176,4532
ILOC70300503,122,104,226,3,4,7,3,4,7,128,112,240,1773,1509,3282,281,176,457,2182,1797,3979
ILOC70300504,92,74,166,9,9,18,4,7,11,105,90,195,2771,2628,5399,322,212,534,3198,2930,6128
ILOC70300601,283,351,634,24,25,49,47,53,100,354,429,783,1846,1821,3667,232,163,395,2432,2413,4845
ILOC70300701,43,40,83,4,0,4,0,4,4,47,44,91,244,209,453,51,44,95,342,297,639
ILOC70300702,61,56,117,3,9,12,3,9,12,67,74,141,1229,1136,2365,191,156,347,1487,1366,2853
ILOC70300703,68,72,140,9,3,12,0,0,0,77,75,152,866,791,1657,249,189,438,1192,1055,2247
ILOC70300704,127,108,235,17,8,25,5,7,12,149,123,272,2402,1472,3874,378,262,640,2929,1857,4786
ILOC70300705,256,260,516,13,14,27,31,29,60,300,303,603,3348,3208,6556,491,359,850,4139,3870,8009
ILOC70300706,46,45,91,0,0,0,0,0,0,46,45,91,161,161,322,21,21,42,228,227,455
ILOC70300801,194,257,451,12,12,24,30,40,70,236,309,545,1137,1187,2324,242,197,439,1615,1693,3308
ILOC70300901,633,204,837,14,8,22,21,11,32,668,223,891,2518,1618,4136,204,154,358,3390,1995,5385
ILOC70301001,106,92,198,0,6,6,6,6,12,112,104,216,740,766,1506,63,32,95,915,902,1817
ILOC70301002,95,93,188,4,9,13,20,14,34,119,116,235,1011,967,1978,133,121,254,1263,1204,2467
ILOC70301101,103,105,208,5,0,5,14,12,26,122,117,239,843,794,1637,88,62,150,1053,973,2026
ILOC70301102,65,66,131,4,3,7,9,3,12,78,72,150,874,820,1694,138,128,266,1090,1020,2110
ILOC70301103,60,78,138,5,0,5,9,5,14,74,83,157,766,734,1500,72,46,118,912,863,1775
ILOC70301201,71,77,148,9,7,16,3,12,15,83,96,179,1513,1562,3075,223,178,401,1819,1836,3655
ILOC70301202,79,89,168,4,6,10,8,5,13,91,100,191,1296,1266,2562,315,199,514,1702,1565,3267
ILOC70301301,298,324,622,22,16,38,28,34,62,348,374,722,4162,4079,8241,324,294,618,4834,4747,9581
ILOC70301302,134,164,298,10,3,13,8,4,12,152,171,323,1138,1139,2277,179,180,359,1469,1490,2959
ILOC70301303,148,160,308,5,12,17,6,9,15,159,181,340,2348,2212,4560,147,106,253,2654,2499,5153
ILOC70301304,222,247,469,8,12,20,16,11,27,246,270,516,1249,1223,2472,168,156,324,1663,1649,3312
ILOC70301305,265,343,608,11,9,20,20,21,41,296,373,669,1032,1011,2043,237,240,477,1565,1624,3189
ILOC70301306,28,50,78,0,0,0,3,0,3,31,50,81,3,0,3,0,0,0,34,50,84
ILOC70301307,176,199,375,6,13,19,24,14,38,206,226,432,1296,1310,2606,198,183,381,1700,1719,3419
ILOC70301401,154,184,338,4,6,10,20,22,42,178,212,390,2887,2898,5785,327,264,591,3392,3374,6766
ILOC70301402,103,108,211,7,3,10,6,12,18,116,123,239,989,1073,2062,104,104,208,1209,1300,2509
ILOC70400101,68,47,115,0,3,3,0,3,3,68,53,121,164,109,273,28,9,37,260,171,431
ILOC70400102,58,35,93,0,0,0,0,0,0,58,35,93,0,0,0,0,0,0,58,35,93
ILOC70400103,183,208,391,0,0,0,0,0,0,183,208,391,25,28,53,5,4,9,213,240,453
ILOC70400104,161,182,343,0,0,0,0,0,0,161,182,343,17,17,34,0,0,0,178,199,377
ILOC70400105,84,78,162,0,0,0,0,0,0,84,78,162,13,11,24,0,3,3,97,92,189
ILOC70400106,72,80,152,0,0,0,0,0,0,72,80,152,136,84,220,4,6,10,212,170,382
ILOC70400201,99,104,203,4,0,4,4,4,8,107,108,215,439,335,774,81,59,140,627,502,1129
ILOC70400202,109,110,219,0,5,5,5,0,5,114,115,229,281,216,497,66,37,103,461,368,829
ILOC70400203,33,27,60,0,0,0,0,0,0,33,27,60,0,0,0,0,0,0,33,27,60
ILOC70400301,1031,1001,2032,0,0,0,0,4,4,1031,1005,2036,133,101,234,19,4,23,1183,1110,2293
ILOC70400302,140,126,266,0,0,0,0,0,0,140,126,266,3,3,6,0,0,0,143,129,272
ILOC70400401,50,48,98,0,0,0,3,0,3,53,48,101,15,5,20,3,0,3,71,53,124
ILOC70400402,509,521,1030,3,0,3,3,4,7,515,525,1040,67,53,120,9,3,12,591,581,1172
ILOC70400403,21,36,57,0,0,0,0,0,0,21,36,57,0,0,0,0,0,0,21,36,57
ILOC70400404,29,33,62,0,0,0,0,0,0,29,33,62,0,0,0,0,0,0,29,33,62
ILOC70400405,141,125,266,3,0,3,0,0,0,144,125,269,14,21,35,0,4,4,158,150,308
ILOC70400406,202,189,391,4,0,4,4,0,4,210,189,399,10,12,22,0,0,0,220,201,421
ILOC70400501,101,88,189,0,0,0,0,0,0,101,88,189,0,0,0,0,0,0,101,88,189
ILOC70400502,927,982,1909,0,0,0,14,4,18,941,986,1927,95,80,175,5,6,11,1041,1072,2113
ILOC70400601,204,202,406,0,0,0,0,0,0,204,202,406,24,18,42,0,0,0,228,220,448
ILOC70400602,157,169,326,0,0,0,0,5,5,157,174,331,24,13,37,3,0,3,184,187,371
ILOC70400603,101,76,177,0,0,0,0,0,0,101,76,177,30,15,45,5,0,5,136,91,227
ILOC70400604,631,685,1316,11,0,11,11,11,22,653,696,1349,110,61,171,5,3,8,768,760,1528
ILOC70500101,166,190,356,3,0,3,0,0,0,169,190,359,93,64,157,3,5,8,265,259,524
ILOC70500102,90,97,187,0,0,0,3,0,3,93,97,190,14,12,26,4,0,4,111,109,220
ILOC70500103,78,58,136,0,0,0,19,25,44,97,83,180,0,4,4,3,0,3,100,87,187
ILOC70500201,92,98,190,0,0,0,0,0,0,92,98,190,3,0,3,0,0,0,95,98,193
ILOC70500202,130,146,276,0,0,0,0,3,3,130,149,279,29,29,58,7,3,10,166,181,347
ILOC70500301,131,140,271,0,0,0,6,8,14,137,148,285,12,11,23,3,0,3,152,159,311
ILOC70500302,121,154,275,0,0,0,0,0,0,121,154,275,6,5,11,4,0,4,131,159,290
ILOC70500303,23,21,44,0,0,0,0,0,0,23,21,44,133,113,246,10,9,19,166,143,309
ILOC70500304,132,139,271,0,0,0,0,0,0,132,139,271,3,3,6,3,0,3,138,142,280
ILOC70500305,48,57,105,0,0,0,0,0,0,48,57,105,0,0,0,0,0,0,48,57,105
ILOC70500306,46,45,91,0,0,0,0,0,0,46,45,91,72,82,154,0,0,0,118,127,245
ILOC70500307,257,239,496,0,0,0,0,0,0,257,239,496,7,8,15,0,0,0,264,247,511
ILOC70500401,151,132,283,0,3,3,0,0,0,151,135,286,117,70,187,8,3,11,276,208,484
ILOC70500402,213,228,441,0,0,0,0,0,0,213,228,441,21,16,37,0,5,5,234,249,483
ILOC70500403,45,44,89,0,0,0,0,0,0,45,44,89,5,4,9,0,0,0,50,48,98
ILOC70500404,116,124,240,0,0,0,0,0,0,116,124,240,11,6,17,0,0,0,127,130,257
ILOC70500405,12,19,31,0,0,0,0,0,0,12,19,31,14,8,22,3,0,3,29,27,56
ILOC70500501,105,99,204,0,0,0,10,10,20,115,109,224,0,3,3,5,6,11,120,118,238
ILOC70500502,760,856,1616,20,22,42,29,43,72,809,921,1730,3085,2908,5993,442,372,814,4336,4201,8537
ILOC70500503,134,147,281,0,0,0,6,0,6,140,147,287,4,0,4,3,3,6,147,150,297
ILOC70500504,65,59,124,0,0,0,3,0,3,68,59,127,0,0,0,5,10,15,73,69,142
ILOC70500601,261,325,586,0,0,0,0,0,0,261,325,586,21,24,45,12,13,25,294,362,656
ILOC70500701,454,491,945,0,0,0,14,14,28,468,505,973,29,37,66,7,11,18,504,553,1057
ILOC70500801,36,47,83,0,0,0,0,0,0,36,47,83,4,0,4,0,0,0,40,47,87
ILOC70500802,51,70,121,0,0,0,0,5,5,51,75,126,3,4,7,0,0,0,54,79,133
ILOC70500803,14,7,21,0,0,0,0,0,0,14,7,21,48,32,80,4,0,4,66,39,105
ILOC70500804,74,54,128,0,0,0,9,13,22,83,67,150,42,38,80,0,0,0,125,105,230
ILOC70500805,32,29,61,0,0,0,0,0,0,32,29,61,80,61,141,7,4,11,119,94,213
ILOC70500901,58,59,117,0,0,0,0,0,0,58,59,117,0,0,0,4,3,7,62,62,124
ILOC70500902,22,26,48,0,0,0,3,0,3,25,26,51,60,49,109,0,0,0,85,75,160
ILOC70500903,108,121,229,3,0,3,5,9,14,116,130,246,8,7,15,3,3,6,127,140,267
ILOC70600101,27,47,74,5,0,5,5,6,11,37,53,90,491,348,839,47,10,57,575,411,986
ILOC70600102,383,400,783,0,0,0,4,7,11,387,407,794,22,15,37,4,0,4,413,422,835
ILOC70600103,45,44,89,0,0,0,0,4,4,45,48,93,22,6,28,0,3,3,67,57,124
ILOC70600104,77,79,156,0,0,0,0,0,0,77,79,156,9,8,17,0,0,0,86,87,173
ILOC70600105,207,220,427,0,0,0,0,3,3,207,223,430,12,17,29,0,0,0,219,240,459
ILOC70600201,431,383,814,0,0,0,3,8,11,434,391,825,22,25,47,3,0,3,459,416,875
ILOC70600202,77,93,170,0,0,0,0,0,0,77,93,170,0,0,0,0,0,0,77,93,170
ILOC70600301,51,61,112,0,3,3,0,0,0,51,64,115,0,0,0,0,0,0,51,64,115
ILOC70600302,41,31,72,0,0,0,0,0,0,41,31,72,0,0,0,0,0,0,41,31,72
ILOC70600303,4,6,10,0,0,0,0,0,0,4,6,10,0,0,0,0,0,0,4,6,10
ILOC70600304,147,162,309,0,0,0,0,0,0,147,162,309,4,0,4,0,0,0,151,162,313
ILOC70600305,61,59,120,0,0,0,0,0,0,61,59,120,0,0,0,3,6,9,64,65,129
ILOC70600401,917,939,1856,0,0,0,20,14,34,937,953,1890,120,97,217,9,9,18,1066,1059,2125
ILOC70600402,198,204,402,0,0,0,0,0,0,198,204,402,4,16,20,4,0,4,206,220,426
ILOC70600501,69,70,139,0,0,0,0,0,0,69,70,139,11,4,15,0,3,3,80,77,157
ILOC70600502,150,186,336,8,8,16,10,11,21,168,205,373,1838,1555,3393,163,145,308,2169,1905,4074
ILOC70600601,307,315,622,3,0,3,0,0,0,310,315,625,24,20,44,11,7,18,345,342,687
ILOC70600701,524,493,1017,0,0,0,0,0,0,524,493,1017,31,22,53,7,4,11,562,519,1081
ILOC70600702,311,336,647,0,0,0,60,59,119,371,395,766,30,31,61,0,7,7,401,433,834
ILOC70600703,97,121,218,0,0,0,0,0,0,97,121,218,0,3,3,0,0,0,97,124,221
ILOC70600801,313,321,634,9,6,15,0,0,0,322,327,649,97,97,194,0,0,0,419,424,843
ILOC70700101,224,262,486,0,0,0,0,0,0,224,262,486,29,18,47,0,3,3,253,283,536
ILOC70700201,205,207,412,0,3,3,0,0,0,205,210,415,19,10,29,0,0,0,224,220,444
ILOC70700301,62,44,106,0,0,0,0,0,0,62,44,106,97,65,162,8,5,13,167,114,281
ILOC70700302,29,31,60,0,0,0,3,0,3,32,31,63,46,31,77,9,7,16,87,69,156
ILOC70700303,42,47,89,0,0,0,0,0,0,42,47,89,3,3,6,0,0,0,45,50,95
ILOC70700304,100,93,193,0,0,0,3,3,6,103,96,199,50,29,79,18,22,40,171,147,318
ILOC70700305,25,28,53,0,0,0,0,0,0,25,28,53,0,0,0,0,3,3,25,31,56
ILOC70700401,145,138,283,0,0,0,0,4,4,145,142,287,30,20,50,7,4,11,182,166,348
ILOC70700501,9,17,26,0,0,0,0,0,0,9,17,26,0,0,0,0,0,0,9,17,26
ILOC70700502,60,67,127,0,0,0,0,0,0,60,67,127,3,0,3,0,0,0,63,67,130
ILOC70700503,192,193,385,0,0,0,3,3,6,195,196,391,3,0,3,3,0,3,201,196,397
ILOC70700504,497,533,1030,6,3,9,4,5,9,507,541,1048,612,591,1203,128,131,259,1247,1263,2510
ILOC70700601,95,102,197,0,0,0,0,0,0,95,102,197,9,11,20,0,0,0,104,113,217
ILOC70700602,87,112,199,0,0,0,0,0,0,87,112,199,3,5,8,0,0,0,90,117,207
ILOC79499494,77,52,129,0,0,0,4,0,4,81,52,133,797,711,1508,142,87,229,1020,850,1870
ILOC79799797,0,0,0,0,0,0,0,0,0,0,0,0,77,15,92,11,4,15,88,19,107
ILOC80100101,558,525,1083,16,29,45,18,10,28,592,564,1156,42886,44289,87175,2203,1936,4139,45681,46789,92470
ILOC80100102,266,252,518,9,3,12,5,8,13,280,263,543,22559,22405,44964,1627,1180,2807,24466,23848,48314
ILOC80100103,284,259,543,12,6,18,8,7,15,304,272,576,22235,23003,45238,808,679,1487,23347,23954,47301
ILOC80100201,517,487,1004,22,18,40,21,8,29,560,513,1073,37662,39483,77145,1615,1250,2865,39837,41246,81083
ILOC80100202,836,842,1678,40,33,73,21,28,49,897,903,1800,40496,41951,82447,1410,1241,2651,42803,44095,86898
ILOC80100301,4,0,4,0,0,0,0,0,0,4,0,4,265,227,492,14,11,25,283,238,521
ILOC89499494,14,12,26,0,0,0,3,0,3,17,12,29,286,284,570,25,7,32,328,303,631
ILOC89799797,0,0,0,0,0,0,0,0,0,0,0,0,0,0,0,0,0,0,0,0,0
ILOC90100101,6,5,11,0,0,0,0,0,0,6,5,11,1411,560,1971,47,42,89,1464,607,2071
ILOC90100201,0,0,0,5,0,5,0,0,0,5,0,5,268,250,518,12,15,27,285,265,550
ILOC90200101,18,21,39,0,0,0,3,0,3,21,21,42,84,42,126,9,5,14,114,68,182
ILOC90200102,90,93,183,0,3,3,0,0,0,90,96,186,5,0,5,3,3,6,98,99,197
ILOC99499494,0,0,0,0,0,0,0,0,0,0,0,0,7,19,26,0,0,0,7,19,26
ILOC99799797,0,0,0,0,0,0,0,0,0,0,0,0,0,3,3,0,0,0,0,3,3
