region_id,Negative_Nil_income_M,Negative_Nil_income_F,Negative_Nil_income_P,PI1_199_M,PI1_199_F,PI1_199_P,PI200_299_M,PI200_299_F,PI200_299_P,PI300_399_M,PI300_399_F,PI300_399_P,PI400_599_M,PI400_599_F,PI400_599_P,PI600_799_M,PI600_799_F,PI600_799_P,PI800_999_M,PI800_999_F,PI800_999_P,PI1000_more_M,PI1000_more_F,PI1000_more_P,Personal_income_nsM,Personal_income_nsF,Personal_income_nsP,Tot_M,Tot_F,Tot_P
ILOC10100101,11,11,22,8,14,22,21,21,42,12,19,31,15,23,38,13,17,30,6,5,11,17,7,24,21,11,32,124,128,252
ILOC10100201,54,51,105,66,86,152,71,95,166,50,96,146,66,116,182,71,68,139,51,41,92,101,75,176,48,52,100,578,680,1258
ILOC10100202,5,11,16,11,16,27,21,29,50,16,26,42,14,26,40,20,18,38,5,9,14,24,18,42,11,18,29,127,171,298
ILOC10100203,20,18,38,29,25,54,25,41,66,26,41,67,21,37,58,24,32,56,17,15,32,37,28,65,16,22,38,215,259,474
ILOC10100204,11,14,25,14,5,19,8,13,21,8,9,17,15,12,27,12,12,24,9,10,19,22,19,41,8,9,17,107,103,210
ILOC10100205,44,37,81,27,50,77,58,55,113,47,58,105,30,87,117,38,45,83,29,21,50,46,34,80,37,38,75,356,425,781
ILOC10100301,20,13,33,16,22,38,29,31,60,21,27,48,16,33,49,19,14,33,12,8,20,12,11,23,15,17,32,160,176,336
ILOC10100401,22,27,49,29,31,60,36,38,74,18,40,58,31,52,83,30,34,64,18,18,36,21,25,46,23,17,40,228,282,510
ILOC10100402,6,4,10,0,7,7,6,8,14,6,3,9,4,12,16,4,6,10,9,3,12,6,9,15,4,9,13,45,61,106
ILOC10100403,7,3,10,0,3,3,13,9,22,8,7,15,10,15,25,7,10,17,4,3,7,10,4,14,7,13,20,66,67,133
ILOC10100501,14,24,38,22,26,48,28,31,59,26,53,79,28,35,63,18,20,38,16,15,31,37,12,49,23,21,44,212,237,449
ILOC10100502,6,7,13,5,4,9,9,10,19,15,13,28,4,11,15,6,3,9,4,4,8,16,12,28,6,3,9,71,67,138
ILOC10100503,8,8,16,14,11,25,7,9,16,14,18,32,3,15,18,3,4,7,0,3,3,3,4,7,6,3,9,58,75,133
ILOC10100601,5,8,13,13,15,28,12,25,37,25,33,58,11,24,35,10,12,22,3,5,8,6,3,9,13,11,24,98,136,234
ILOC10100701,9,7,16,13,18,31,34,37,71,18,26,44,17,21,38,12,10,22,6,3,9,7,7,14,10,9,19,126,138,264
ILOC10100702,12,9,21,11,7,18,20,16,36,10,29,39,12,24,36,4,7,11,4,3,7,13,6,19,6,14,20,92,115,207
ILOC10100801,34,24,58,38,36,74,58,64,122,46,72,118,39,59,98,26,40,66,14,18,32,39,23,62,29,37,66,323,373,696
ILOC10100802,8,15,23,17,11,28,25,21,46,17,14,31,5,19,24,12,7,19,4,10,14,10,11,21,258,28,286,356,136,492
ILOC10200101,35,39,74,40,66,106,94,112,206,65,88,153,47,87,134,35,51,86,24,21,45,39,36,75,44,41,85,423,541,964
ILOC10200201,7,6,13,29,18,47,27,29,56,18,29,47,17,22,39,12,9,21,6,6,12,13,14,27,53,18,71,182,151,333
ILOC10200301,22,19,41,41,36,77,58,63,121,31,68,99,29,66,95,38,33,71,23,15,38,38,17,55,29,35,64,309,352,661
ILOC10200302,5,14,19,7,10,17,8,8,16,12,16,28,7,13,20,12,15,27,8,4,12,16,5,21,9,3,12,84,88,172
ILOC10200401,9,4,13,8,10,18,15,9,24,10,12,22,18,11,29,8,10,18,5,11,16,7,3,10,11,9,20,91,79,170
ILOC10200402,3,0,3,8,0,8,16,13,29,13,16,29,4,11,15,0,3,3,0,0,0,0,4,4,3,0,3,47,47,94
ILOC10200501,13,3,16,15,7,22,3,7,10,7,9,16,9,10,19,5,3,8,7,0,7,5,0,5,4,3,7,68,42,110
ILOC10200502,32,26,58,47,43,90,65,66,131,48,50,98,34,42,76,28,34,62,12,6,18,26,16,42,39,35,74,331,318,649
ILOC10200601,4,7,11,6,7,13,7,5,12,3,11,14,4,5,9,7,7,14,3,0,3,5,0,5,6,3,9,45,45,90
ILOC10200602,11,7,18,4,13,17,13,15,28,14,21,35,12,31,43,16,12,28,11,3,14,12,4,16,10,10,20,103,116,219
ILOC10200603,0,0,0,0,0,0,14,6,20,6,8,14,4,4,8,0,5,5,4,0,4,0,3,3,0,0,0,28,26,54
ILOC10200604,5,7,12,13,12,25,18,18,36,7,17,24,8,16,24,17,0,17,9,4,13,8,0,8,7,6,13,92,80,172
ILOC10200701,12,5,17,4,8,12,24,13,37,17,25,42,11,19,30,12,13,25,8,4,12,9,11,20,19,26,45,116,124,240
ILOC10200702,25,27,52,38,43,81,60,69,129,27,60,87,35,55,90,29,32,61,13,15,28,18,17,35,53,48,101,298,366,664
ILOC10200703,10,7,17,14,8,22,22,19,41,6,11,17,0,10,10,4,3,7,3,3,6,9,6,15,4,3,7,72,70,142
ILOC10200704,11,10,21,16,8,24,34,21,55,3,27,30,3,13,16,6,14,20,9,6,15,5,6,11,11,4,15,98,109,207
ILOC10200801,11,9,20,26,19,45,29,32,61,9,24,33,7,18,25,7,5,12,3,5,8,3,3,6,3,7,10,98,122,220
ILOC10200802,9,6,15,3,5,8,9,9,18,5,9,14,7,10,17,11,3,14,7,3,10,15,10,25,6,6,12,72,61,133
ILOC10200803,3,3,6,3,3,6,3,6,9,3,7,10,0,9,9,4,5,9,4,0,4,3,0,3,9,8,17,32,41,73
ILOC10200804,13,4,17,6,9,15,27,12,39,17,29,46,0,15,15,4,4,8,0,0,0,0,3,3,0,0,0,67,76,143
ILOC10200901,18,21,39,24,28,52,26,24,50,6,28,34,9,49,58,18,26,44,14,8,22,50,17,67,14,9,23,179,210,389
ILOC10200902,9,4,13,4,8,12,3,5,8,4,6,10,3,5,8,3,5,8,3,5,8,16,7,23,44,0,44,89,45,134
ILOC10201001,9,19,28,17,31,48,38,40,78,30,27,57,23,40,63,16,26,42,5,7,12,18,6,24,18,28,46,174,224,398
ILOC10201002,13,19,32,7,12,19,18,17,35,16,23,39,16,14,30,12,15,27,4,8,12,10,8,18,13,11,24,109,127,236
ILOC10201003,8,11,19,14,9,23,17,23,40,14,18,32,6,22,28,11,15,26,4,5,9,15,6,21,7,6,13,96,115,211
ILOC10201101,103,84,187,125,120,245,152,192,344,116,198,314,111,215,326,139,148,287,86,54,140,122,87,209,117,99,216,1071,1197,2268
ILOC10201102,21,32,53,24,31,55,51,45,96,43,54,97,34,42,76,30,34,64,29,11,40,47,27,74,17,12,29,296,288,584
ILOC10201201,4,0,4,4,0,4,18,18,36,16,18,34,0,4,4,0,4,4,0,0,0,0,0,0,0,0,0,42,44,86
ILOC10201202,4,8,12,16,11,27,23,24,47,10,20,30,12,16,28,4,8,12,5,3,8,4,3,7,7,16,23,85,109,194
ILOC10201301,20,13,33,19,19,38,19,18,37,18,23,41,16,22,38,16,20,36,15,15,30,34,13,47,9,9,18,166,152,318
ILOC10201401,8,9,17,15,18,33,17,21,38,17,13,30,15,18,33,16,9,25,10,3,13,7,9,16,11,14,25,116,114,230
ILOC10201402,6,4,10,10,11,21,9,21,30,6,15,21,10,5,15,3,10,13,0,0,0,4,0,4,9,11,20,57,77,134
ILOC10300101,19,16,35,24,20,44,27,35,62,25,28,53,18,41,59,25,37,62,17,19,36,24,33,57,43,53,96,222,282,504
ILOC10300102,0,0,0,4,3,7,7,6,13,9,3,12,4,7,11,4,0,4,3,3,6,0,5,5,4,4,8,35,31,66
ILOC10300201,23,14,37,28,25,53,51,52,103,20,37,57,20,23,43,14,25,39,9,20,29,10,13,23,15,15,30,190,224,414
ILOC10300202,8,5,13,14,16,30,28,18,46,18,17,35,9,7,16,11,9,20,3,3,6,4,0,4,3,3,6,98,78,176
ILOC10300203,5,8,13,11,7,18,8,16,24,15,20,35,6,5,11,0,4,4,3,3,6,0,8,8,3,0,3,51,71,122
ILOC10300301,12,31,43,3,14,17,21,37,58,12,17,29,16,22,38,20,12,32,10,4,14,64,24,88,13,6,19,171,167,338
ILOC10300302,9,3,12,5,6,11,14,13,27,6,5,11,3,0,3,0,0,0,0,0,0,0,0,0,0,0,0,37,27,64
ILOC10300401,21,28,49,27,26,53,63,45,108,34,55,89,28,67,95,30,31,61,18,22,40,23,10,33,29,31,60,273,315,588
ILOC10300402,0,4,4,3,6,9,3,9,12,7,4,11,9,0,9,3,0,3,3,3,6,3,3,6,3,3,6,34,32,66
ILOC10300403,0,3,3,3,3,6,23,12,35,6,13,19,0,14,14,4,5,9,5,0,5,4,4,8,5,8,13,50,62,112
ILOC10300501,36,40,76,34,40,74,62,86,148,34,80,114,44,72,116,26,38,64,18,24,42,49,47,96,96,50,146,399,477,876
ILOC10300502,7,3,10,3,3,6,3,8,11,6,10,16,9,5,14,3,5,8,5,3,8,11,7,18,33,3,36,80,47,127
ILOC10300503,4,3,7,7,9,16,17,9,26,8,17,25,3,7,10,0,7,7,6,3,9,5,8,13,11,7,18,61,70,131
ILOC10300504,13,7,20,29,28,57,36,44,80,19,32,51,19,31,50,6,7,13,3,3,6,9,10,19,3,3,6,137,165,302
ILOC10300601,3,5,8,5,7,12,16,13,29,5,14,19,11,16,27,5,6,11,3,3,6,0,6,6,5,0,5,53,70,123
ILOC10300602,0,3,3,13,10,23,0,0,0,0,0,0,0,4,4,3,0,3,0,0,0,0,0,0,5,8,13,21,25,46
ILOC10300603,13,4,17,8,13,21,27,26,53,20,22,42,24,30,54,8,16,24,6,9,15,3,19,22,7,13,20,116,152,268
ILOC10300604,3,3,6,27,17,44,7,0,7,0,4,4,5,0,5,0,0,0,0,0,0,0,0,0,0,5,5,42,29,71
ILOC10300605,16,18,34,22,22,44,42,46,88,42,41,83,27,45,72,32,25,57,7,9,16,22,30,52,57,55,112,267,291,558
ILOC10300606,4,3,7,14,3,17,19,21,40,16,19,35,12,10,22,7,5,12,9,3,12,6,7,13,4,0,4,91,71,162
ILOC10400101,3,9,12,5,13,18,18,12,30,13,10,23,5,10,15,3,3,6,3,5,8,0,9,9,7,6,13,57,77,134
ILOC10400102,16,10,26,21,20,41,37,27,64,16,49,65,17,54,71,14,20,34,10,9,19,14,14,28,19,23,42,164,226,390
ILOC10400103,10,9,19,20,13,33,22,23,45,13,14,27,15,22,37,10,20,30,13,5,18,22,22,44,5,3,8,130,131,261
ILOC10400201,23,10,33,15,25,40,22,22,44,24,37,61,17,29,46,14,14,28,9,13,22,19,17,36,11,7,18,154,174,328
ILOC10400301,23,27,50,25,40,65,42,42,84,18,52,70,23,61,84,27,25,52,21,20,41,53,15,68,22,30,52,254,312,566
ILOC10400302,18,24,42,19,34,53,25,18,43,21,35,56,24,31,55,19,18,37,8,12,20,69,22,91,120,18,138,323,212,535
ILOC10400303,24,17,41,22,31,53,20,26,46,30,50,80,26,36,62,20,25,45,20,7,27,33,13,46,14,16,30,209,221,430
ILOC10400401,3,4,7,8,7,15,10,7,17,7,13,20,0,6,6,0,0,0,0,0,0,3,0,3,3,3,6,34,40,74
ILOC10400402,5,5,10,7,17,24,8,16,24,26,9,35,3,23,26,9,3,12,5,0,5,6,5,11,3,5,8,72,83,155
ILOC10400403,33,46,79,50,54,104,71,85,156,49,73,122,47,80,127,37,44,81,30,33,63,46,38,84,114,53,167,477,506,983
ILOC10400404,5,7,12,15,12,27,21,21,42,12,34,46,6,10,16,3,6,9,3,0,3,5,9,14,9,8,17,79,107,186
ILOC10400405,15,3,18,26,25,51,56,42,98,32,35,67,12,25,37,9,17,26,12,9,21,10,14,24,18,12,30,190,182,372
ILOC10400501,15,13,28,19,18,37,15,19,34,21,21,42,12,20,32,11,11,22,16,4,20,12,3,15,3,3,6,124,112,236
ILOC10400502,8,3,11,12,7,19,17,15,32,25,27,52,7,11,18,7,9,16,0,0,0,4,0,4,7,3,10,87,75,162
ILOC10400503,64,52,116,63,88,151,108,107,215,66,101,167,76,132,208,68,68,136,39,40,79,85,69,154,44,41,85,613,698,1311
ILOC10400504,8,11,19,8,10,18,11,17,28,5,9,14,4,9,13,0,4,4,3,4,7,4,3,7,7,9,16,50,76,126
ILOC10400505,9,8,17,5,10,15,20,21,41,11,21,32,13,20,33,10,0,10,6,3,9,11,6,17,5,6,11,90,95,185
ILOC10400506,14,9,23,18,12,30,41,40,81,28,45,73,21,34,55,9,12,21,6,5,11,7,10,17,14,14,28,158,181,339
ILOC10400507,22,25,47,32,26,58,39,36,75,20,34,54,18,52,70,25,21,46,7,8,15,21,22,43,15,18,33,199,242,441
ILOC10400601,6,12,18,9,8,17,13,9,22,8,16,24,12,12,24,18,12,30,0,6,6,15,3,18,6,4,10,87,82,169
ILOC10400602,8,5,13,9,6,15,6,16,22,7,21,28,9,19,28,8,7,15,6,0,6,9,4,13,6,0,6,68,78,146
ILOC10400701,48,42,90,46,47,93,31,43,74,37,51,88,39,54,93,42,36,78,36,24,60,89,43,132,18,15,33,386,355,741
ILOC10400702,109,71,180,78,103,181,90,123,213,78,133,211,82,135,217,78,97,175,58,42,100,137,86,223,63,61,124,773,851,1624
ILOC10400801,14,22,36,27,28,55,22,32,54,17,24,41,21,40,61,28,19,47,15,4,19,24,10,34,7,7,14,175,186,361
ILOC10400802,19,13,32,26,24,50,24,45,69,29,45,74,23,30,53,8,16,24,9,8,17,17,9,26,15,9,24,170,199,369
ILOC10400803,3,3,6,6,16,22,17,12,29,12,15,27,10,7,17,7,7,14,4,0,4,11,0,11,6,4,10,76,64,140
ILOC10400901,32,25,57,34,33,67,72,76,148,58,90,148,43,75,118,22,33,55,11,16,27,7,25,32,39,49,88,318,422,740
ILOC10400902,29,15,44,24,25,49,48,41,89,32,36,68,28,27,55,10,23,33,9,8,17,19,11,30,181,25,206,380,211,591
ILOC10400903,3,3,6,8,4,12,8,14,22,13,18,31,3,8,11,0,3,3,0,0,0,4,0,4,9,3,12,48,53,101
ILOC10400904,12,4,16,18,25,43,42,37,79,42,56,98,12,36,48,12,12,24,0,14,14,16,5,21,13,18,31,167,207,374
ILOC10400905,6,8,14,7,6,13,7,7,14,16,17,33,7,10,17,7,8,15,3,7,10,12,8,20,5,6,11,70,77,147
ILOC10401001,3,6,9,8,15,23,23,11,34,17,13,30,7,13,20,18,15,33,0,5,5,10,0,10,17,8,25,103,86,189
ILOC10401002,4,7,11,9,9,18,22,15,37,7,11,18,8,9,17,5,8,13,3,0,3,0,3,3,7,9,16,65,71,136
ILOC10401101,39,42,81,57,69,126,71,104,175,44,97,141,66,106,172,47,67,114,36,27,63,94,33,127,42,33,75,496,578,1074
ILOC10401102,58,71,129,66,73,139,85,85,170,50,82,132,61,120,181,65,81,146,63,61,124,154,61,215,35,47,82,637,681,1318
ILOC10401103,51,55,106,57,73,130,74,91,165,50,67,117,67,105,172,55,52,107,26,31,57,107,48,155,48,45,93,535,567,1102
ILOC10401201,14,14,28,28,30,58,33,46,79,30,34,64,11,42,53,22,23,45,10,19,29,22,24,46,25,27,52,195,259,454
ILOC10401202,8,7,15,17,14,31,17,30,47,21,31,52,16,21,37,11,12,23,6,7,13,8,10,18,13,10,23,117,142,259
ILOC10401203,11,13,24,17,14,31,37,23,60,17,20,37,10,16,26,7,8,15,7,4,11,6,17,23,12,14,26,124,129,253
ILOC10401204,6,9,15,14,20,34,12,10,22,9,14,23,10,24,34,7,8,15,7,8,15,15,12,27,9,5,14,89,110,199
ILOC10401301,39,71,110,84,93,177,90,112,202,71,104,175,52,134,186,56,89,145,53,48,101,147,67,214,48,49,97,640,767,1407
ILOC10401401,28,21,49,42,36,78,74,57,131,36,76,112,47,68,115,41,48,89,38,43,81,84,54,138,39,29,68,429,432,861
ILOC10401402,41,38,79,43,53,96,61,82,143,61,81,142,50,79,129,46,50,96,33,34,67,75,52,127,31,39,70,441,508,949
ILOC10401403,44,27,71,43,52,95,71,70,141,35,53,88,38,84,122,36,45,81,36,30,66,112,44,156,28,32,60,443,437,880
ILOC10401501,23,18,41,22,31,53,43,24,67,27,37,64,33,53,86,21,28,49,21,7,28,25,15,40,10,9,19,225,222,447
ILOC10401502,33,29,62,46,51,97,55,64,119,44,68,112,37,78,115,39,36,75,22,25,47,55,36,91,36,23,59,367,410,777
ILOC10401503,12,4,16,5,16,21,28,28,56,14,25,39,8,16,24,16,14,30,9,8,17,11,7,18,12,7,19,115,125,240
ILOC10401601,3,7,10,11,7,18,15,9,24,7,10,17,5,16,21,5,5,10,3,0,3,4,4,8,7,3,10,60,61,121
ILOC10401602,9,9,18,6,5,11,12,9,21,3,11,14,6,21,27,12,5,17,7,6,13,24,16,40,0,0,0,79,82,161
ILOC10401603,11,12,23,11,9,20,8,13,21,17,22,39,19,21,40,8,20,28,10,8,18,18,18,36,8,7,15,110,130,240
ILOC10401604,25,31,56,25,23,48,21,43,64,16,26,42,31,45,76,26,24,50,13,11,24,38,16,54,9,15,24,204,234,438
ILOC10401605,29,18,47,24,44,68,26,40,66,36,43,79,19,41,60,24,30,54,18,10,28,35,14,49,16,9,25,227,249,476
ILOC10401701,14,30,44,27,41,68,51,42,93,34,48,82,26,41,67,21,42,63,18,9,27,18,14,32,39,41,80,248,308,556
ILOC10401702,3,5,8,5,8,13,10,13,23,10,5,15,4,7,11,3,9,12,3,3,6,0,3,3,17,8,25,55,61,116
ILOC10401703,9,13,22,16,11,27,27,16,43,14,17,31,12,14,26,10,8,18,7,3,10,9,9,18,16,11,27,120,102,222
ILOC10401801,26,42,68,17,27,44,26,27,53,16,38,54,19,41,60,28,23,51,19,11,30,90,25,115,21,21,42,262,255,517
ILOC10401901,3,0,3,10,5,15,32,29,61,9,10,19,3,0,3,0,3,3,0,0,0,0,0,0,0,3,3,57,50,107
ILOC10401902,25,36,61,62,64,126,87,90,177,60,81,141,37,78,115,35,36,71,3,18,21,28,19,47,34,44,78,371,466,837
ILOC10401903,22,21,43,27,27,54,34,49,83,37,29,66,20,40,60,23,19,42,18,11,29,23,17,40,8,10,18,212,223,435
ILOC10401904,7,8,15,4,14,18,11,11,22,5,12,17,3,4,7,4,4,8,3,4,7,4,0,4,3,9,12,44,66,110
ILOC10402001,14,20,34,12,24,36,16,23,39,24,14,38,12,27,39,19,17,36,4,7,11,13,9,22,12,7,19,126,148,274
ILOC10402002,19,9,28,11,12,23,11,16,27,8,12,20,17,27,44,13,3,16,16,3,19,20,22,42,4,5,9,119,109,228
ILOC10402003,59,48,107,79,72,151,102,98,200,83,113,196,64,125,189,63,79,142,47,33,80,93,64,157,72,43,115,662,675,1337
ILOC10402101,86,75,161,97,137,234,116,132,248,79,123,202,94,175,269,109,116,225,95,64,159,151,93,244,76,59,135,903,974,1877
ILOC10402102,73,70,143,82,89,171,106,103,209,60,129,189,64,140,204,69,95,164,50,39,89,115,79,194,52,49,101,671,793,1464
ILOC10500101,7,7,14,8,3,11,5,6,11,6,9,15,4,7,11,0,10,10,3,9,12,15,4,19,5,4,9,53,59,112
ILOC10500102,29,24,53,31,33,64,32,41,73,34,38,72,28,54,82,27,31,58,21,16,37,28,22,50,27,36,63,257,295,552
ILOC10500201,3,6,9,3,5,8,5,6,11,3,7,10,5,3,8,6,12,18,0,0,0,3,0,3,3,3,6,31,42,73
ILOC10500202,11,10,21,5,4,9,20,18,38,10,14,24,8,20,28,10,9,19,3,3,6,11,10,21,4,6,10,82,94,176
ILOC10500203,4,3,7,15,7,22,0,6,6,13,19,32,0,14,14,0,0,0,0,0,0,0,0,0,0,0,0,32,49,81
ILOC10500204,9,4,13,4,10,14,13,9,22,17,12,29,9,20,29,0,4,4,3,4,7,0,3,3,5,9,14,60,75,135
ILOC10500205,3,5,8,10,10,20,17,8,25,3,9,12,6,3,9,4,5,9,3,3,6,3,4,7,3,6,9,52,53,105
ILOC10500301,55,40,95,50,67,117,68,87,155,44,64,108,36,65,101,36,52,88,35,19,54,59,46,105,180,35,215,563,475,1038
ILOC10500401,26,27,53,25,21,46,20,21,41,11,23,34,14,14,28,23,20,43,13,7,20,19,20,39,7,12,19,158,165,323
ILOC10500501,5,4,9,3,7,10,0,6,6,5,3,8,5,5,10,3,5,8,3,0,3,5,3,8,3,0,3,32,33,65
ILOC10500502,6,6,12,4,4,8,13,11,24,4,13,17,9,17,26,15,6,21,10,4,14,5,0,5,3,4,7,69,65,134
ILOC10500503,3,9,12,3,3,6,3,4,7,4,10,14,3,3,6,8,0,8,3,3,6,3,0,3,4,0,4,34,32,66
ILOC10500601,18,14,32,16,25,41,21,22,43,14,31,45,9,25,34,22,9,31,10,4,14,19,11,30,16,14,30,145,155,300
ILOC10500701,19,9,28,8,29,37,32,30,62,20,13,33,19,23,42,20,17,37,9,8,17,20,15,35,14,4,18,161,148,309
ILOC10500801,6,12,18,10,10,20,14,31,45,13,15,28,8,15,23,13,13,26,3,5,8,11,7,18,5,0,5,83,108,191
ILOC10500901,25,19,44,32,36,68,48,47,95,31,39,70,25,43,68,31,27,58,10,7,17,15,21,36,53,25,78,270,264,534
ILOC10501001,8,6,14,5,5,10,16,12,28,18,14,32,5,17,22,0,11,11,3,0,3,9,3,12,17,12,29,81,80,161
ILOC10501002,5,5,10,6,12,18,26,13,39,16,19,35,5,15,20,4,9,13,8,6,14,4,5,9,7,3,10,81,87,168
ILOC10501101,15,19,34,40,40,80,37,46,83,26,55,81,24,43,67,40,37,77,17,9,26,38,13,51,16,19,35,253,281,534
ILOC10501201,24,20,44,25,37,62,53,67,120,34,71,105,38,48,86,34,25,59,34,21,55,27,27,54,42,31,73,311,347,658
ILOC10501202,16,23,39,20,27,47,25,26,51,16,33,49,10,34,44,20,21,41,22,12,34,25,9,34,17,12,29,171,197,368
ILOC10501301,16,12,28,12,14,26,20,35,55,19,21,40,11,19,30,21,17,38,8,4,12,14,7,21,197,8,205,318,137,455
ILOC10501401,31,17,48,10,15,25,37,38,75,33,41,74,27,46,73,15,24,39,12,7,19,22,20,42,18,23,41,205,231,436
ILOC10501402,7,5,12,3,4,7,5,14,19,5,4,9,3,4,7,5,5,10,3,3,6,7,3,10,3,3,6,41,45,86
ILOC10501403,6,3,9,10,7,17,15,12,27,9,21,30,9,11,20,5,5,10,4,0,4,5,4,9,13,20,33,76,83,159
ILOC10501501,22,20,42,26,37,63,33,46,79,37,40,77,27,50,77,24,29,53,9,6,15,59,13,72,75,17,92,312,258,570
ILOC10501502,0,6,6,9,5,14,7,6,13,5,11,16,3,8,11,4,3,7,9,3,12,12,3,15,21,3,24,70,48,118
ILOC10501601,40,25,65,33,45,78,47,48,95,26,51,77,30,45,75,28,25,53,20,13,33,71,12,83,24,13,37,319,277,596
ILOC10501701,14,13,27,10,15,25,22,28,50,25,31,56,16,31,47,27,23,50,15,10,25,19,9,28,24,12,36,172,172,344
ILOC10501801,14,13,27,10,13,23,21,14,35,6,21,27,15,25,40,10,11,21,4,11,15,27,9,36,3,6,9,110,123,233
ILOC10501802,12,10,22,22,21,43,14,23,37,8,30,38,18,25,43,17,8,25,10,9,19,17,7,24,17,22,39,135,155,290
ILOC10501803,8,13,21,10,13,23,7,5,12,3,15,18,9,21,30,4,9,13,7,0,7,10,9,19,6,3,9,64,88,152
ILOC10501804,17,17,34,15,15,30,19,27,46,24,27,51,17,25,42,10,10,20,7,5,12,6,9,15,27,29,56,142,164,306
ILOC10501805,4,3,7,3,3,6,5,7,12,6,8,14,8,8,16,0,0,0,3,4,7,4,4,8,4,5,9,37,42,79
ILOC10501806,0,3,3,0,8,8,5,0,5,3,3,6,0,8,8,0,7,7,6,0,6,11,3,14,5,0,5,30,32,62
ILOC10501807,5,3,8,0,4,4,5,4,9,3,0,3,8,3,11,10,4,14,3,11,14,6,5,11,9,6,15,49,40,89
ILOC10501901,10,16,26,19,15,34,23,29,52,13,36,49,12,30,42,20,17,37,6,3,9,13,13,26,8,17,25,124,176,300
ILOC10502001,16,10,26,12,23,35,31,22,53,23,27,50,19,20,39,17,14,31,7,3,10,21,17,38,23,12,35,169,148,317
ILOC10502101,20,11,31,19,34,53,26,24,50,27,26,53,17,39,56,25,14,39,12,16,28,29,24,53,18,12,30,193,200,393
ILOC10502102,3,4,7,3,5,8,11,13,24,5,12,17,6,11,17,10,10,20,6,3,9,13,8,21,8,5,13,65,71,136
ILOC10502103,5,0,5,6,14,20,3,5,8,3,3,6,3,10,13,9,6,15,9,6,15,13,15,28,3,0,3,54,59,113
ILOC10502104,11,9,20,6,5,11,14,17,31,8,15,23,17,13,30,23,12,35,8,7,15,10,16,26,4,4,8,101,98,199
ILOC10502105,53,30,83,44,49,93,61,70,131,35,77,112,42,75,117,39,45,84,32,23,55,47,32,79,33,31,64,386,432,818
ILOC10502201,8,11,19,10,16,26,21,25,46,14,20,34,14,19,33,8,8,16,3,4,7,13,0,13,14,12,26,105,115,220
ILOC10600101,3,9,12,8,10,18,11,9,20,9,13,22,9,8,17,8,3,11,3,0,3,6,5,11,4,13,17,61,70,131
ILOC10600102,12,11,23,17,15,32,20,24,44,16,19,35,16,28,44,7,8,15,13,8,21,15,9,24,13,9,22,129,131,260
ILOC10600103,10,3,13,16,9,25,19,18,37,13,9,22,5,11,16,5,5,10,6,3,9,3,4,7,5,12,17,82,74,156
ILOC10600201,14,23,37,33,26,59,38,49,87,25,28,53,20,38,58,18,22,40,9,14,23,12,19,31,28,26,54,197,245,442
ILOC10600202,3,3,6,7,3,10,3,4,7,3,3,6,8,3,11,3,3,6,0,3,3,0,0,0,0,3,3,27,25,52
ILOC10600203,18,7,25,20,12,32,36,34,70,25,27,52,8,30,38,16,13,29,3,9,12,23,18,41,10,14,24,159,164,323
ILOC10600204,5,3,8,14,7,21,18,21,39,18,12,30,8,21,29,3,8,11,4,5,9,0,6,6,7,11,18,77,94,171
ILOC10600205,3,6,9,9,0,9,9,8,17,0,6,6,4,7,11,0,7,7,0,3,3,4,0,4,5,6,11,34,43,77
ILOC10600206,0,3,3,12,6,18,9,11,20,5,6,11,0,0,0,0,4,4,0,0,0,3,5,8,3,0,3,32,35,67
ILOC10600301,11,5,16,9,14,23,23,11,34,21,16,37,7,7,14,7,7,14,8,3,11,6,6,12,7,5,12,99,74,173
ILOC10600302,50,48,98,92,75,167,123,119,242,69,98,167,49,104,153,70,60,130,36,36,72,47,54,101,44,44,88,580,638,1218
ILOC10600303,72,68,140,67,69,136,84,101,185,68,97,165,65,108,173,74,56,130,35,34,69,81,53,134,116,35,151,662,621,1283
ILOC10600401,33,26,59,28,33,61,33,45,78,24,38,62,23,53,76,32,52,84,34,30,64,88,100,188,31,17,48,326,394,720
ILOC10600402,15,15,30,13,23,36,20,23,43,14,23,37,16,35,51,19,19,38,17,13,30,50,27,77,35,10,45,199,188,387
ILOC10600501,20,23,43,30,23,53,25,33,58,25,35,60,19,40,59,25,21,46,17,12,29,33,31,64,104,16,120,298,234,532
ILOC10600502,23,14,37,19,14,33,19,23,42,10,13,23,15,24,39,14,14,28,18,3,21,31,16,47,4,11,15,153,132,285
ILOC10600503,27,29,56,21,29,50,24,33,57,20,36,56,29,42,71,28,28,56,18,8,26,53,27,80,12,35,47,232,267,499
ILOC10700101,8,13,21,7,7,14,12,12,24,3,10,13,9,11,20,9,8,17,7,6,13,19,18,37,156,63,219,230,148,378
ILOC10700201,23,31,54,20,18,38,16,19,35,16,25,41,8,37,45,12,23,35,15,20,35,83,54,137,6,11,17,199,238,437
ILOC10700301,21,19,40,22,21,43,39,39,78,15,37,52,8,33,41,12,23,35,7,11,18,16,9,25,17,22,39,157,214,371
ILOC10700302,13,7,20,8,7,15,22,22,44,10,13,23,4,14,18,7,9,16,3,6,9,0,4,4,11,11,22,78,93,171
ILOC10700303,12,12,24,11,15,26,19,26,45,17,10,27,9,20,29,22,22,44,13,10,23,26,24,50,8,4,12,137,143,280
ILOC10700304,28,42,70,20,31,51,31,41,72,21,30,51,20,45,65,28,28,56,17,14,31,51,27,78,11,20,31,227,278,505
ILOC10700305,0,6,6,8,6,14,9,9,18,9,8,17,3,11,14,3,5,8,0,3,3,8,3,11,6,3,9,46,54,100
ILOC10700306,44,25,69,21,34,55,33,53,86,21,63,84,31,40,71,28,40,68,20,14,34,30,21,51,21,28,49,249,318,567
ILOC10700307,6,3,9,4,7,11,14,9,23,3,6,9,3,3,6,4,3,7,3,4,7,0,3,3,7,9,16,44,47,91
ILOC10700308,0,11,11,3,3,6,10,13,23,8,4,12,6,13,19,3,7,10,9,0,9,13,4,17,9,3,12,61,58,119
ILOC10700309,12,11,23,14,15,29,6,10,16,3,13,16,14,8,22,13,8,21,8,10,18,23,16,39,3,3,6,96,94,190
ILOC10700310,8,5,13,13,9,22,9,11,20,11,13,24,8,16,24,4,7,11,10,4,14,10,13,23,10,8,18,83,86,169
ILOC10700311,6,6,12,5,6,11,3,7,10,4,6,10,3,5,8,0,6,6,0,3,3,11,7,18,3,3,6,35,49,84
ILOC10700312,9,12,21,9,15,24,23,16,39,18,17,35,13,18,31,5,9,14,14,3,17,8,10,18,19,6,25,118,106,224
ILOC10700313,14,9,23,18,26,44,18,19,37,9,17,26,8,15,23,8,6,14,6,4,10,10,6,16,14,13,27,105,115,220
ILOC10700314,10,10,20,14,4,18,14,10,24,12,18,30,5,15,20,6,9,15,7,4,11,10,9,19,7,7,14,85,86,171
ILOC10700315,24,14,38,24,30,54,24,40,64,27,35,62,18,45,63,20,33,53,26,11,37,17,21,38,17,21,38,197,250,447
ILOC10700316,8,10,18,3,9,12,4,7,11,6,5,11,0,10,10,4,8,12,4,4,8,25,22,47,152,3,155,206,78,284
ILOC10700317,19,11,30,14,17,31,9,18,27,7,15,22,14,15,29,10,14,24,6,11,17,20,15,35,8,0,8,107,116,223
ILOC10700318,12,12,24,8,14,22,13,17,30,6,14,20,9,16,25,4,10,14,9,6,15,9,8,17,12,0,12,82,97,179
ILOC10700319,22,23,45,17,16,33,31,23,54,17,34,51,15,19,34,16,23,39,13,11,24,10,14,24,12,14,26,153,177,330
ILOC10700320,17,19,36,12,11,23,16,21,37,14,17,31,12,29,41,9,8,17,3,5,8,5,7,12,13,17,30,101,134,235
ILOC10700401,6,4,10,3,6,9,3,7,10,3,9,12,11,7,18,5,5,10,0,6,6,14,15,29,3,0,3,48,59,107
ILOC10700402,3,21,24,17,17,34,13,17,30,8,14,22,12,16,28,11,13,24,12,8,20,45,20,65,3,7,10,124,133,257
ILOC10700403,12,12,24,13,9,22,21,15,36,8,24,32,11,28,39,9,15,24,11,5,16,16,5,21,7,10,17,108,123,231
ILOC10700404,13,10,23,8,5,13,11,8,19,9,17,26,5,19,24,8,7,15,14,7,21,17,17,34,4,3,7,89,93,182
ILOC10700405,5,5,10,5,8,13,3,9,12,3,4,7,3,11,14,6,4,10,7,3,10,12,5,17,4,4,8,48,53,101
ILOC10700501,13,21,34,15,22,37,19,26,45,25,28,53,24,36,60,25,27,52,16,17,33,46,42,88,10,14,24,193,233,426
ILOC10700601,46,33,79,24,41,65,23,41,64,21,28,49,19,45,64,35,44,79,37,25,62,115,67,182,16,23,39,336,347,683
ILOC10700701,19,11,30,22,25,47,22,38,60,22,30,52,6,30,36,6,17,23,8,0,8,3,8,11,12,17,29,120,176,296
ILOC10700702,8,11,19,5,21,26,13,20,33,4,12,16,7,15,22,9,16,25,15,8,23,10,10,20,17,6,23,88,119,207
ILOC10700703,5,5,10,9,13,22,4,10,14,7,9,16,6,14,20,8,10,18,9,11,20,16,13,29,5,3,8,69,88,157
ILOC10700704,0,0,0,0,5,5,0,0,0,0,5,5,4,0,4,5,0,5,0,0,0,6,0,6,3,0,3,18,10,28
ILOC10700705,22,25,47,14,31,45,24,29,53,24,45,69,12,46,58,24,28,52,20,12,32,49,35,84,11,13,24,200,264,464
ILOC10700706,9,13,22,11,20,31,7,20,27,8,23,31,8,14,22,14,9,23,12,9,21,14,18,32,5,11,16,88,137,225
ILOC10700707,12,17,29,9,16,25,13,12,25,7,11,18,3,17,20,13,6,19,14,6,20,16,15,31,6,4,10,93,104,197
ILOC10700708,22,20,42,27,32,59,30,42,72,16,21,37,13,33,46,21,22,43,6,11,17,20,18,38,13,20,33,168,219,387
ILOC10700709,11,9,20,16,22,38,11,19,30,6,22,28,12,19,31,12,19,31,13,5,18,7,12,19,3,11,14,91,138,229
ILOC10700710,9,21,30,8,8,16,7,12,19,8,14,22,10,16,26,13,17,30,10,19,29,31,22,53,11,5,16,107,134,241
ILOC10700711,8,6,14,3,12,15,7,10,17,11,15,26,7,18,25,3,14,17,6,3,9,10,9,19,3,8,11,58,95,153
ILOC10700712,0,6,6,4,8,12,0,12,12,7,11,18,8,4,12,12,5,17,5,3,8,15,4,19,7,0,7,58,53,111
ILOC10700713,8,0,8,3,11,14,3,3,6,4,9,13,6,13,19,12,15,27,5,4,9,14,9,23,0,0,0,55,64,119
ILOC10700801,8,9,17,10,5,15,8,16,24,10,15,25,5,15,20,3,9,12,10,5,15,12,5,17,6,4,10,72,83,155
ILOC10700802,17,18,35,19,19,38,22,42,64,11,31,42,20,34,54,21,27,48,10,12,22,19,18,37,14,11,25,153,212,365
ILOC10700803,29,26,55,17,27,44,15,26,41,18,39,57,25,30,55,15,29,44,16,16,32,53,34,87,13,10,23,201,237,438
ILOC10700804,34,21,55,29,23,52,24,29,53,27,47,74,17,43,60,27,33,60,22,25,47,62,56,118,28,30,58,270,307,577
ILOC10700901,26,31,57,30,30,60,53,48,101,30,47,77,23,46,69,36,30,66,30,18,48,35,28,63,28,26,54,291,304,595
ILOC10700902,18,16,34,8,16,24,19,18,37,21,22,43,6,21,27,11,16,27,13,13,26,24,14,38,19,9,28,139,145,284
ILOC10701001,24,14,38,5,17,22,19,17,36,18,16,34,14,14,28,19,15,34,12,15,27,27,20,47,6,11,17,144,139,283
ILOC10701002,16,9,25,6,11,17,17,13,30,9,18,27,8,22,30,8,15,23,13,11,24,27,16,43,5,12,17,109,127,236
ILOC10701003,29,28,57,19,43,62,29,29,58,20,23,43,20,41,61,30,21,51,25,16,41,38,25,63,10,19,29,220,245,465
ILOC10701101,23,29,52,15,25,40,39,31,70,32,48,80,18,50,68,28,32,60,25,25,50,55,35,90,25,24,49,260,299,559
ILOC10701201,20,38,58,24,32,56,13,34,47,6,21,27,18,28,46,18,28,46,16,20,36,83,53,136,17,22,39,215,276,491
ILOC10701301,22,10,32,8,7,15,9,12,21,13,21,34,15,24,39,18,18,36,12,11,23,45,32,77,4,14,18,146,149,295
ILOC10701401,22,15,37,8,18,26,12,20,32,12,29,41,20,30,50,20,11,31,12,12,24,35,23,58,14,10,24,155,168,323
ILOC10701402,5,5,10,4,10,14,5,10,15,0,12,12,12,5,17,9,13,22,6,8,14,25,12,37,0,7,7,66,82,148
ILOC10701501,13,6,19,8,17,25,9,10,19,6,9,15,5,20,25,8,4,12,4,5,9,31,15,46,6,14,20,90,100,190
ILOC10701502,55,80,135,63,64,127,79,79,158,55,78,133,57,96,153,52,55,107,44,37,81,104,51,155,53,54,107,562,594,1156
ILOC10701601,10,12,22,15,19,34,29,22,51,17,54,71,12,27,39,16,23,39,18,11,29,41,48,89,12,9,21,170,225,395
ILOC10701701,67,59,126,63,94,157,67,96,163,59,107,166,53,102,155,57,62,119,51,40,91,86,57,143,58,48,106,561,665,1226
ILOC10701702,19,26,45,20,32,52,23,21,44,11,25,36,18,40,58,21,30,51,22,28,50,48,41,89,19,18,37,201,261,462
ILOC10701801,0,0,0,0,0,0,0,0,0,0,0,0,0,0,0,0,0,0,0,0,0,3,0,3,0,0,0,3,0,3
ILOC10701901,34,33,67,28,40,68,48,54,102,39,51,90,25,63,88,43,55,98,37,30,67,88,120,208,26,31,57,368,477,845
ILOC10702001,26,35,61,12,18,30,18,30,48,9,22,31,25,35,60,27,25,52,28,23,51,94,56,150,13,21,34,252,265,517
ILOC10702002,7,9,16,7,16,23,6,9,15,8,5,13,8,3,11,8,6,14,6,0,6,30,28,58,8,0,8,88,76,164
ILOC10702101,6,7,13,7,6,13,10,19,29,13,17,30,11,10,21,18,14,32,11,11,22,34,22,56,78,12,90,188,118,306
ILOC10702102,17,8,25,6,12,18,18,20,38,20,14,34,14,22,36,17,7,24,0,15,15,14,14,28,9,10,19,115,122,237
ILOC10702103,11,11,22,9,3,12,8,12,20,14,18,32,16,22,38,9,10,19,13,14,27,27,22,49,15,10,25,122,122,244
ILOC10702104,9,4,13,13,23,36,24,20,44,23,17,40,8,13,21,10,13,23,5,3,8,8,17,25,18,11,29,118,121,239
ILOC10702201,29,19,48,23,31,54,24,25,49,13,28,41,21,44,65,32,28,60,23,21,44,61,32,93,99,48,147,325,276,601
ILOC10702202,13,15,28,5,16,21,7,0,7,7,5,12,0,15,15,14,17,31,10,9,19,31,31,62,4,0,4,91,108,199
ILOC10702203,25,31,56,18,41,59,24,36,60,25,37,62,30,42,72,27,36,63,26,30,56,70,41,111,19,18,37,264,312,576
ILOC10702204,30,31,61,35,32,67,36,45,81,26,51,77,35,51,86,41,51,92,33,26,59,75,53,128,26,20,46,337,360,697
ILOC10702205,24,28,52,30,40,70,33,52,85,34,55,89,26,58,84,36,41,77,31,28,59,57,50,107,35,28,63,306,380,686
ILOC10702206,24,26,50,25,22,47,17,26,43,9,25,34,16,32,48,18,34,52,32,15,47,59,32,91,20,17,37,220,229,449
ILOC10702207,14,15,29,8,6,14,7,17,24,8,17,25,10,19,29,11,10,21,9,10,19,26,17,43,4,49,53,97,160,257
ILOC10702301,14,8,22,10,11,21,19,33,52,13,30,43,11,19,30,14,18,32,11,10,21,18,22,40,10,15,25,120,166,286
ILOC10702302,35,27,62,33,47,80,42,64,106,39,70,109,34,66,100,42,48,90,32,27,59,96,93,189,213,44,257,566,486,1052
ILOC10702401,17,23,40,17,13,30,19,18,37,6,19,25,15,27,42,27,20,47,18,20,38,62,48,110,15,11,26,196,199,395
ILOC10702501,37,22,59,21,28,49,23,36,59,27,37,64,35,34,69,29,38,67,20,25,45,110,57,167,17,14,31,319,291,610
ILOC10702502,21,28,49,31,49,80,37,34,71,15,15,30,24,43,67,33,36,69,28,27,55,104,51,155,16,24,40,309,307,616
ILOC10702601,20,16,36,36,39,75,61,51,112,33,57,90,32,44,76,29,37,66,31,16,47,74,63,137,34,27,61,350,350,700
ILOC10702602,12,9,21,20,10,30,28,24,52,24,18,42,17,14,31,16,14,30,16,9,25,71,36,107,20,11,31,224,145,369
ILOC10702603,15,17,32,25,39,64,34,45,79,24,40,64,11,24,35,7,13,20,12,12,24,41,38,79,16,16,32,185,244,429
ILOC10702604,3,3,6,10,12,22,30,20,50,19,17,36,11,13,24,4,11,15,6,9,15,13,21,34,12,12,24,108,118,226
ILOC10702701,3,3,6,13,5,18,12,12,24,3,13,16,9,8,17,11,8,19,7,14,21,23,24,47,3,3,6,84,90,174
ILOC10702702,3,6,9,5,6,11,7,3,10,5,5,10,5,8,13,8,5,13,0,5,5,7,11,18,4,7,11,44,56,100
ILOC10702703,9,11,20,9,5,14,9,15,24,6,11,17,8,11,19,12,8,20,6,12,18,29,40,69,4,4,8,92,117,209
ILOC10702704,8,4,12,5,3,8,0,3,3,4,5,9,3,3,6,6,0,6,4,6,10,10,8,18,3,0,3,43,32,75
ILOC10702801,15,8,23,0,4,4,5,8,13,0,8,8,7,10,17,11,6,17,12,12,24,18,28,46,8,5,13,76,89,165
ILOC10702802,0,3,3,0,4,4,3,3,6,8,5,13,3,4,7,6,9,15,6,7,13,39,25,64,8,5,13,73,65,138
ILOC10702901,27,36,63,21,47,68,24,32,56,28,38,66,34,49,83,31,35,66,33,23,56,72,46,118,24,16,40,294,322,616
ILOC10703001,126,131,257,144,173,317,211,233,444,131,211,342,126,237,363,135,147,282,84,69,153,251,142,393,93,88,181,1301,1431,2732
ILOC10703101,7,3,10,7,12,19,5,4,9,3,12,15,12,10,22,6,5,11,8,7,15,41,39,80,6,0,6,95,92,187
ILOC10703102,10,6,16,3,3,6,3,3,6,3,3,6,3,3,6,3,8,11,3,3,6,15,14,29,3,4,7,46,47,93
ILOC19499494,27,25,52,65,42,107,117,71,188,87,61,148,23,46,69,21,12,33,13,4,17,17,5,22,68,38,106,438,304,742
ILOC19799797,0,0,0,0,0,0,0,0,0,0,0,0,0,0,0,0,0,0,0,0,0,0,0,0,0,0,0,0,0,0
ILOC20100101,5,8,13,12,17,29,3,13,16,8,11,19,10,15,25,9,14,23,8,0,8,13,6,19,13,16,29,81,100,181
ILOC20100102,17,14,31,12,6,18,19,17,36,14,13,27,9,26,35,16,25,41,12,12,24,29,15,44,17,16,33,145,144,289
ILOC20100201,10,12,22,7,20,27,11,15,26,9,16,25,16,24,40,17,13,30,19,7,26,29,20,49,11,8,19,129,135,264
ILOC20100301,20,27,47,22,21,43,19,19,38,11,21,32,17,26,43,20,29,49,31,14,45,54,31,85,12,14,26,206,202,408
ILOC20100401,29,31,60,12,24,36,18,23,41,17,25,42,22,27,49,30,26,56,15,14,29,33,21,54,16,19,35,192,210,402
ILOC20100402,29,22,51,17,32,49,21,29,50,16,34,50,20,36,56,32,23,55,15,11,26,51,22,73,23,27,50,224,236,460
ILOC20100501,12,9,21,16,15,31,7,12,19,10,13,23,19,20,39,20,19,39,10,9,19,36,33,69,10,9,19,140,139,279
ILOC20100502,8,13,21,5,20,25,5,14,19,10,9,19,4,23,27,13,14,27,14,8,22,32,10,42,5,4,9,96,115,211
ILOC20100503,13,22,35,22,22,44,26,25,51,25,27,52,14,45,59,28,36,64,13,11,24,38,30,68,17,19,36,196,237,433
ILOC20100601,15,20,35,14,17,31,20,28,48,9,22,31,24,28,52,18,17,35,18,7,25,8,8,16,25,23,48,151,170,321
ILOC20100701,28,15,43,14,11,25,7,27,34,11,17,28,21,17,38,27,22,49,14,12,26,49,14,63,8,11,19,179,146,325
ILOC20100801,3,5,8,16,11,27,17,18,35,19,12,31,10,15,25,11,9,20,7,11,18,36,25,61,11,12,23,130,118,248
ILOC20100802,16,15,31,7,11,18,8,8,16,9,19,28,7,13,20,16,19,35,14,8,22,32,18,50,9,7,16,118,118,236
ILOC20100901,13,15,28,7,21,28,11,15,26,14,21,35,13,21,34,13,17,30,15,4,19,35,16,51,8,13,21,129,143,272
ILOC20101001,7,11,18,4,5,9,4,11,15,8,5,13,7,4,11,3,6,9,3,3,6,11,13,24,3,8,11,50,66,116
ILOC20101002,14,14,28,4,7,11,11,7,18,10,3,13,11,9,20,5,12,17,5,9,14,26,22,48,6,10,16,92,93,185
ILOC20101003,12,16,28,9,8,17,14,14,28,13,17,30,12,21,33,24,11,35,25,12,37,42,45,87,13,10,23,164,154,318
ILOC20101101,11,8,19,13,13,26,8,20,28,9,11,20,11,15,26,16,23,39,6,6,12,24,19,43,8,20,28,106,135,241
ILOC20101102,10,6,16,8,4,12,4,3,7,7,7,14,3,9,12,4,10,14,3,4,7,14,10,24,3,3,6,56,56,112
ILOC20101103,9,10,19,7,8,15,3,11,14,8,10,18,8,9,17,4,6,10,11,4,15,16,14,30,0,0,0,66,72,138
ILOC20101104,9,7,16,5,12,17,5,13,18,4,12,16,8,9,17,8,7,15,6,6,12,23,10,33,5,9,14,73,85,158
ILOC20101201,17,10,27,10,9,19,11,14,25,11,3,14,12,4,16,16,7,23,6,6,12,49,23,72,20,4,24,152,80,232
ILOC20101202,8,3,11,5,4,9,21,19,40,17,14,31,3,12,15,13,8,21,7,12,19,47,39,86,13,5,18,134,116,250
ILOC20101203,7,5,12,12,12,24,16,15,31,20,22,42,13,18,31,8,19,27,14,7,21,29,26,55,12,14,26,131,138,269
ILOC20101301,25,27,52,22,25,47,25,36,61,15,28,43,11,41,52,28,25,53,22,15,37,48,20,68,66,32,98,262,249,511
ILOC20101401,4,10,14,8,8,16,0,6,6,0,9,9,5,0,5,7,3,10,4,8,12,10,8,18,4,0,4,42,52,94
ILOC20101402,6,3,9,7,5,12,7,5,12,0,5,5,8,3,11,7,6,13,0,4,4,10,4,14,3,4,7,48,39,87
ILOC20101403,6,3,9,6,3,9,4,10,14,3,6,9,3,3,6,3,3,6,0,0,0,7,5,12,3,3,6,35,36,71
ILOC20101501,10,12,22,10,14,24,15,23,38,17,21,38,15,21,36,17,16,33,12,6,18,22,6,28,13,15,28,131,134,265
ILOC20101502,0,5,5,10,4,14,8,15,23,15,17,32,0,11,11,9,0,9,9,13,22,20,20,40,4,5,9,75,90,165
ILOC20101503,5,3,8,6,10,16,5,8,13,8,12,20,10,12,22,11,6,17,8,3,11,24,16,40,3,0,3,80,70,150
ILOC20101504,4,8,12,9,9,18,22,17,39,7,16,23,8,17,25,9,6,15,0,4,4,21,8,29,10,9,19,90,94,184
ILOC20101601,15,6,21,10,14,24,6,12,18,14,10,24,17,19,36,24,12,36,8,9,17,30,10,40,11,9,20,135,101,236
ILOC20101602,13,16,29,22,17,39,8,26,34,14,18,32,11,29,40,23,17,40,13,4,17,12,11,23,7,6,13,123,144,267
ILOC20101603,3,12,15,11,12,23,4,7,11,3,6,9,4,18,22,10,7,17,4,4,8,14,6,20,0,3,3,53,75,128
ILOC20101701,3,4,7,4,8,12,23,17,40,6,22,28,14,27,41,8,13,21,11,7,18,29,23,52,10,13,23,108,134,242
ILOC20101702,20,24,44,21,20,41,45,38,83,27,50,77,31,48,79,33,32,65,23,25,48,49,49,98,26,30,56,275,316,591
ILOC20101703,41,37,78,19,37,56,27,54,81,32,47,79,29,63,92,39,41,80,36,38,74,80,33,113,21,26,47,324,376,700
ILOC20101801,5,6,11,3,3,6,3,3,6,4,7,11,0,7,7,5,6,11,5,4,9,7,10,17,3,0,3,35,46,81
ILOC20101802,4,4,8,7,3,10,0,5,5,3,3,6,0,5,5,7,0,7,4,0,4,9,14,23,3,3,6,37,37,74
ILOC20101803,4,5,9,3,4,7,6,7,13,0,9,9,3,9,12,3,3,6,5,0,5,7,0,7,4,6,10,35,43,78
ILOC20101901,12,13,25,8,19,27,17,16,33,8,11,19,17,17,34,8,15,23,16,9,25,35,18,53,15,9,24,136,127,263
ILOC20101902,17,16,33,11,12,23,13,12,25,6,17,23,7,20,27,15,19,34,27,7,34,24,18,42,66,9,75,186,130,316
ILOC20101903,15,36,51,10,28,38,23,23,46,18,22,40,15,33,48,25,24,49,18,29,47,48,23,71,11,9,20,183,227,410
ILOC20102001,35,49,84,19,47,66,40,38,78,31,48,79,23,48,71,31,37,68,38,21,59,74,32,106,18,19,37,309,339,648
ILOC20200101,47,38,85,40,48,88,56,63,119,41,59,100,30,69,99,30,44,74,27,17,44,50,38,88,34,28,62,355,404,759
ILOC20200201,9,8,17,16,19,35,11,16,27,7,22,29,13,29,42,18,8,26,10,4,14,19,15,34,13,20,33,116,141,257
ILOC20200301,6,7,13,3,3,6,3,7,10,5,3,8,5,0,5,3,11,14,6,0,6,7,3,10,0,5,5,38,39,77
ILOC20200302,12,6,18,14,11,25,20,19,39,12,26,38,8,21,29,14,12,26,8,7,15,8,8,16,8,6,14,104,116,220
ILOC20200303,13,12,25,7,7,14,6,12,18,4,10,14,9,9,18,5,5,10,4,8,12,10,5,15,3,3,6,61,71,132
ILOC20200304,8,6,14,9,6,15,7,11,18,13,7,20,9,17,26,5,11,16,3,3,6,7,6,13,8,10,18,69,77,146
ILOC20200305,4,4,8,4,7,11,8,15,23,7,15,22,10,12,22,8,3,11,4,0,4,15,4,19,4,8,12,64,68,132
ILOC20200306,3,11,14,14,8,22,10,18,28,9,13,22,7,12,19,22,12,34,3,8,11,13,11,24,5,4,9,86,97,183
ILOC20200401,8,4,12,4,6,10,4,7,11,3,7,10,5,4,9,4,4,8,4,0,4,7,3,10,5,3,8,44,38,82
ILOC20200402,13,7,20,10,17,27,23,28,51,17,33,50,7,30,37,16,19,35,11,13,24,12,9,21,19,16,35,128,172,300
ILOC20200403,9,3,12,9,4,13,11,3,14,7,11,18,7,7,14,9,10,19,0,0,0,14,4,18,13,3,16,79,45,124
ILOC20200404,25,18,43,15,14,29,15,25,40,16,20,36,19,25,44,9,11,20,6,10,16,20,8,28,7,6,13,132,137,269
ILOC20200405,48,43,91,67,74,141,105,113,218,70,90,160,48,128,176,72,81,153,50,46,96,45,38,83,86,81,167,591,694,1285
ILOC20200501,24,20,44,26,17,43,34,48,82,33,37,70,26,28,54,18,24,42,8,5,13,12,12,24,38,16,54,219,207,426
ILOC20200601,53,39,92,49,73,122,71,105,176,41,73,114,45,85,130,45,58,103,36,30,66,107,64,171,90,59,149,537,586,1123
ILOC20200701,21,5,26,20,21,41,40,23,63,19,36,55,15,20,35,10,12,22,14,9,23,10,4,14,17,20,37,166,150,316
ILOC20200702,9,11,20,12,24,36,38,38,76,33,45,78,17,37,54,25,23,48,12,9,21,23,13,36,34,33,67,203,233,436
ILOC20200703,3,4,7,0,3,3,12,8,20,6,5,11,8,4,12,4,8,12,0,0,0,0,0,0,11,6,17,44,38,82
ILOC20200704,19,23,42,12,21,33,24,26,50,16,26,42,10,22,32,13,12,25,10,5,15,35,12,47,68,20,88,207,167,374
ILOC20200801,11,5,16,8,12,20,15,13,28,15,16,31,6,13,19,7,8,15,0,4,4,10,4,14,17,13,30,89,88,177
ILOC20200802,9,9,18,14,14,28,34,19,53,9,23,32,4,17,21,8,11,19,3,5,8,10,4,14,16,12,28,107,114,221
ILOC20200803,13,12,25,13,10,23,19,18,37,15,13,28,7,16,23,7,15,22,6,16,22,30,17,47,5,6,11,115,123,238
ILOC20200901,13,11,24,9,4,13,4,13,17,7,7,14,5,5,10,3,8,11,3,3,6,18,12,30,5,0,5,67,63,130
ILOC20200902,9,10,19,4,10,14,11,3,14,6,6,12,6,16,22,8,8,16,10,5,15,30,8,38,10,11,21,94,77,171
ILOC20201001,36,47,83,61,88,149,76,111,187,50,109,159,40,98,138,42,57,99,31,20,51,31,33,64,62,55,117,429,618,1047
ILOC20201101,5,3,8,5,5,10,12,9,21,7,16,23,4,14,18,5,6,11,4,7,11,9,3,12,8,11,19,59,74,133
ILOC20201102,8,7,15,8,8,16,6,12,18,5,7,12,12,14,26,6,4,10,5,3,8,6,9,15,6,6,12,62,70,132
ILOC20201201,16,17,33,18,30,48,17,31,48,26,30,56,13,35,48,18,25,43,15,5,20,31,16,47,13,10,23,167,199,366
ILOC20201202,0,3,3,3,0,3,3,0,3,4,3,7,0,3,3,0,3,3,3,0,3,0,0,0,0,3,3,13,15,28
ILOC20201203,9,8,17,4,8,12,9,21,30,13,22,35,9,15,24,8,7,15,16,3,19,13,3,16,28,9,37,109,96,205
ILOC20201301,5,7,12,6,6,12,9,9,18,0,10,10,6,7,13,21,7,28,4,4,8,12,11,23,0,0,0,63,61,124
ILOC20201302,5,5,10,3,11,14,7,12,19,4,11,15,6,11,17,6,7,13,5,4,9,11,0,11,8,7,15,55,68,123
ILOC20201303,0,3,3,0,11,11,8,13,21,12,14,26,6,11,17,4,3,7,3,0,3,7,3,10,4,0,4,44,58,102
ILOC20201401,12,7,19,9,23,32,12,20,32,13,34,47,13,28,41,3,14,17,6,5,11,8,8,16,15,15,30,91,154,245
ILOC20201402,4,3,7,11,15,26,12,19,31,14,18,32,8,22,30,6,19,25,0,3,3,3,4,7,10,16,26,68,119,187
ILOC20201403,5,3,8,0,8,8,4,14,18,4,3,7,8,3,11,9,4,13,4,3,7,4,3,7,6,3,9,44,44,88
ILOC20201501,9,0,9,4,3,7,6,7,13,7,5,12,0,7,7,3,6,9,0,7,7,6,4,10,0,3,3,35,42,77
ILOC20201502,10,20,30,12,18,30,10,15,25,6,15,21,7,14,21,16,9,25,12,3,15,13,4,17,14,13,27,100,111,211
ILOC20201601,19,10,29,13,14,27,18,11,29,10,20,30,10,17,27,12,7,19,11,14,25,39,12,51,11,14,25,143,119,262
ILOC20201701,14,11,25,19,20,39,29,31,60,15,21,36,18,22,40,16,13,29,9,5,14,28,7,35,11,17,28,159,147,306
ILOC20201801,14,10,24,29,21,50,33,36,69,34,48,82,18,35,53,19,20,39,14,6,20,25,13,38,16,18,34,202,207,409
ILOC20201901,12,6,18,13,13,26,14,18,32,5,16,21,9,16,25,5,12,17,13,3,16,17,8,25,13,5,18,101,97,198
ILOC20201902,4,7,11,12,12,24,12,15,27,5,16,21,13,10,23,12,8,20,5,6,11,4,7,11,9,8,17,76,89,165
ILOC20201903,11,16,27,16,30,46,33,38,71,20,35,55,13,43,56,24,22,46,16,3,19,22,13,35,27,15,42,182,215,397
ILOC29499494,24,8,32,29,13,42,36,28,64,30,20,50,5,6,11,5,3,8,5,0,5,5,3,8,10,4,14,149,85,234
ILOC29799797,0,0,0,0,0,0,0,0,0,0,0,0,0,0,0,0,0,0,0,0,0,0,0,0,0,0,0,0,0,0
ILOC30100101,23,27,50,33,32,65,26,42,68,25,49,74,39,52,91,29,34,63,21,17,38,50,18,68,29,18,47,275,289,564
ILOC30100201,38,35,73,25,46,71,43,42,85,35,54,89,36,50,86,46,49,95,41,26,67,122,77,199,12,11,23,398,390,788
ILOC30100202,12,13,25,10,11,21,43,27,70,26,20,46,35,22,57,22,18,40,24,25,49,71,49,120,23,5,28,266,190,456
ILOC30100203,55,53,108,54,49,103,89,98,187,57,93,150,70,99,169,81,75,156,69,57,126,166,143,309,33,44,77,674,711,1385
ILOC30100204,3,6,9,22,9,31,29,34,63,18,15,33,20,22,42,24,19,43,7,7,14,27,25,52,9,24,33,159,161,320
ILOC30100205,14,8,22,19,36,55,41,35,76,37,34,71,29,54,83,30,38,68,38,13,51,70,58,128,29,20,49,307,296,603
ILOC30100206,45,46,91,43,56,99,48,70,118,25,51,76,39,97,136,66,69,135,43,40,83,108,83,191,25,32,57,442,544,986
ILOC30100207,122,87,209,94,94,188,128,129,257,95,154,249,98,175,273,127,141,268,114,103,217,247,191,438,96,88,184,1121,1162,2283
ILOC30100208,85,78,163,71,74,145,100,99,199,61,90,151,74,142,216,72,98,170,70,60,130,145,136,281,45,48,93,723,825,1548
ILOC30100209,33,28,61,18,20,38,19,29,48,21,23,44,26,34,60,27,20,47,21,19,40,70,48,118,12,10,22,247,231,478
ILOC30100210,23,12,35,27,51,78,61,59,120,41,62,103,23,54,77,19,36,55,12,14,26,21,23,44,36,24,60,263,335,598
ILOC30100211,19,17,36,13,27,40,23,26,49,10,17,27,12,37,49,13,20,33,21,16,37,42,26,68,303,62,365,456,248,704
ILOC30100301,126,134,260,159,161,320,155,201,356,105,218,323,127,269,396,153,151,304,105,74,179,200,107,307,182,79,261,1312,1394,2706
ILOC30100401,55,52,107,55,61,116,57,70,127,53,69,122,56,106,162,57,57,114,36,29,65,81,57,138,16,27,43,466,528,994
ILOC30100501,24,17,41,14,15,29,25,27,52,27,29,56,18,34,52,15,22,37,12,13,25,21,15,36,10,8,18,166,180,346
ILOC30100601,14,8,22,10,19,29,26,26,52,13,15,28,19,20,39,12,11,23,8,4,12,13,10,23,6,3,9,121,116,237
ILOC30100602,12,13,25,13,31,44,15,29,44,13,27,40,16,27,43,16,19,35,13,11,24,24,8,32,12,9,21,134,174,308
ILOC30100701,178,189,367,188,230,418,254,270,524,164,264,428,193,324,517,267,266,533,197,152,349,404,228,632,124,108,232,1969,2031,4000
ILOC30100801,183,162,345,188,226,414,229,248,477,133,266,399,167,350,517,167,225,392,169,125,294,332,199,531,258,113,371,1826,1914,3740
ILOC30100901,23,34,57,12,22,34,13,27,40,12,24,36,16,50,66,32,25,57,20,13,33,49,31,80,8,11,19,185,237,422
ILOC30100902,21,19,40,24,27,51,30,37,67,19,33,52,21,49,70,26,27,53,16,9,25,16,13,29,25,20,45,198,234,432
ILOC30100903,133,134,267,95,139,234,128,190,318,95,147,242,93,199,292,155,153,308,107,81,188,252,159,411,77,82,159,1135,1284,2419
ILOC30100904,13,9,22,5,18,23,18,18,36,17,20,37,10,28,38,16,15,31,8,7,15,10,13,23,7,15,22,104,143,247
ILOC30100905,29,18,47,29,32,61,32,37,69,20,33,53,19,52,71,37,45,82,30,28,58,40,19,59,11,15,26,247,279,526
ILOC30100906,18,16,34,37,30,67,46,47,93,33,55,88,24,42,66,29,42,71,15,17,32,23,9,32,23,35,58,248,293,541
ILOC30101001,75,81,156,87,87,174,85,101,186,69,102,171,70,123,193,79,91,170,81,52,133,159,83,242,49,38,87,754,758,1512
ILOC30101101,16,21,37,26,21,47,17,24,41,8,26,34,19,33,52,28,16,44,22,13,35,32,12,44,7,13,20,175,179,354
ILOC30101201,47,37,84,59,70,129,37,68,105,47,94,141,38,96,134,66,66,132,63,42,105,126,84,210,41,44,85,524,601,1125
ILOC30101202,30,22,52,15,26,41,18,11,29,11,11,22,17,48,65,18,34,52,32,16,48,81,57,138,4,11,15,226,236,462
ILOC30101301,41,32,73,37,46,83,48,70,118,49,82,131,46,73,119,43,50,93,36,22,58,76,45,121,28,26,54,404,446,850
ILOC30101401,79,70,149,88,119,207,79,100,179,79,139,218,69,153,222,94,109,203,72,63,135,179,91,270,45,40,85,784,884,1668
ILOC30200101,20,24,44,24,17,41,33,39,72,20,38,58,22,34,56,23,28,51,9,14,23,19,23,42,27,34,61,197,251,448
ILOC30200201,33,45,78,19,45,64,29,35,64,17,30,47,31,57,88,26,34,60,30,30,60,78,56,134,16,24,40,279,356,635
ILOC30200202,23,12,35,27,28,55,71,55,126,30,46,76,26,47,73,16,23,39,15,8,23,27,26,53,44,19,63,279,264,543
ILOC30200203,22,21,43,16,25,41,7,19,26,13,18,31,16,21,37,17,17,34,10,9,19,39,35,74,14,7,21,154,172,326
ILOC30200204,24,32,56,23,13,36,31,40,71,18,32,50,24,52,76,22,39,61,26,28,54,44,39,83,20,17,37,232,292,524
ILOC30200205,54,45,99,27,37,64,49,59,108,33,62,95,31,76,107,31,65,96,29,29,58,67,69,136,50,37,87,371,479,850
ILOC30200206,49,49,98,46,55,101,42,77,119,32,85,117,36,103,139,58,72,130,29,52,81,91,67,158,37,57,94,420,617,1037
ILOC30200207,25,17,42,21,14,35,33,38,71,21,34,55,10,44,54,22,27,49,16,13,29,32,23,55,22,22,44,202,232,434
ILOC30200208,129,100,229,104,89,193,213,223,436,143,263,406,127,304,431,107,149,256,61,91,152,120,128,248,184,178,362,1188,1525,2713
ILOC30200209,18,19,37,13,9,22,19,25,44,12,28,40,19,35,54,17,37,54,16,13,29,39,41,80,10,21,31,163,228,391
ILOC30200210,36,38,74,22,26,48,35,39,74,20,38,58,22,48,70,23,22,45,21,14,35,24,31,55,36,34,70,239,290,529
ILOC30200301,3,6,9,4,16,20,25,18,43,8,12,20,9,9,18,11,12,23,8,3,11,4,6,10,17,16,33,89,98,187
ILOC30200302,9,13,22,7,12,19,10,18,28,11,20,31,19,27,46,27,20,47,13,8,21,13,18,31,23,17,40,132,153,285
ILOC30200303,3,3,6,8,9,17,26,23,49,5,3,8,0,0,0,0,0,0,0,3,3,0,0,0,0,0,0,42,41,83
ILOC30200401,19,5,24,9,18,27,29,34,63,15,28,43,13,18,31,20,15,35,10,0,10,13,4,17,13,4,17,141,126,267
ILOC30200501,17,9,26,5,16,21,14,15,29,10,15,25,3,17,20,9,3,12,5,4,9,7,3,10,8,16,24,78,98,176
ILOC30200601,11,23,34,5,4,9,0,11,11,0,4,4,4,10,14,3,4,7,0,5,5,6,0,6,6,6,12,35,67,102
ILOC30200602,9,12,21,19,15,34,12,25,37,9,19,28,11,10,21,5,5,10,5,4,9,12,5,17,16,11,27,98,106,204
ILOC30200603,0,0,0,0,3,3,7,11,18,0,6,6,4,7,11,5,0,5,0,0,0,5,0,5,7,6,13,28,33,61
ILOC30200604,0,6,6,6,7,13,12,12,24,9,12,21,3,13,16,6,6,12,0,0,0,0,4,4,5,0,5,41,60,101
ILOC30200701,28,31,59,37,41,78,70,74,144,45,77,122,59,93,152,52,52,104,31,25,56,32,22,54,55,42,97,409,457,866
ILOC30200702,10,14,24,9,15,24,20,24,44,11,27,38,19,37,56,23,23,46,16,7,23,23,14,37,6,11,17,137,172,309
ILOC30200801,32,38,70,27,23,50,68,47,115,56,67,123,41,53,94,21,21,42,11,13,24,31,19,50,410,22,432,697,303,1000
ILOC30200802,8,3,11,5,7,12,32,26,58,13,27,40,3,7,10,3,3,6,0,0,0,0,3,3,0,0,0,64,76,140
ILOC30200901,24,17,41,42,51,93,85,88,173,49,92,141,38,77,115,39,29,68,15,16,31,27,13,40,58,53,111,377,436,813
ILOC30201001,0,0,0,0,0,0,3,5,8,7,0,7,3,4,7,3,6,9,0,0,0,3,3,6,0,0,0,19,18,37
ILOC30201002,12,0,12,20,23,43,38,46,84,6,12,18,6,16,22,10,4,14,0,5,5,0,0,0,3,0,3,95,106,201
ILOC30201101,48,47,95,149,83,232,345,238,583,68,146,214,43,139,182,57,67,124,13,28,41,16,20,36,8,5,13,747,773,1520
ILOC30300101,31,19,50,52,61,113,183,170,353,48,59,107,13,21,34,7,3,10,0,3,3,3,5,8,65,69,134,402,410,812
ILOC30300201,4,0,4,4,0,4,15,9,24,4,3,7,11,10,21,6,3,9,7,0,7,5,5,10,9,8,17,65,38,103
ILOC30300202,7,9,16,5,6,11,25,25,50,3,15,18,15,8,23,9,12,21,5,4,9,0,4,4,14,14,28,83,97,180
ILOC30300203,0,0,0,5,5,10,4,6,10,4,6,10,0,7,7,0,3,3,0,0,0,0,0,0,0,4,4,13,31,44
ILOC30300301,10,7,17,4,8,12,21,23,44,13,23,36,3,20,23,14,9,23,4,7,11,16,13,29,15,19,34,100,129,229
ILOC30300401,25,19,44,50,30,80,110,88,198,43,62,105,37,38,75,27,29,56,10,10,20,21,11,32,16,12,28,339,299,638
ILOC30300501,20,18,38,39,48,87,128,148,276,24,72,96,44,30,74,38,19,57,12,4,16,6,3,9,4,0,4,315,342,657
ILOC30300601,19,11,30,15,10,25,49,58,107,12,29,41,20,25,45,14,12,26,8,3,11,4,8,12,3,5,8,144,161,305
ILOC30300701,9,6,15,5,8,13,42,28,70,10,22,32,11,9,20,6,10,16,5,4,9,0,3,3,0,0,0,88,90,178
ILOC30300702,41,30,71,36,30,66,106,117,223,15,31,46,17,17,34,21,22,43,11,7,18,14,10,24,8,4,12,269,268,537
ILOC30300703,15,21,36,3,12,15,0,8,8,4,11,15,8,19,27,12,14,26,19,12,31,97,60,157,25,24,49,183,181,364
ILOC30300801,50,37,87,5,9,14,28,29,57,25,30,55,39,60,99,30,60,90,14,21,35,28,20,48,9,16,25,228,282,510
ILOC30300802,18,6,24,12,16,28,45,24,69,7,23,30,11,21,32,14,18,32,8,5,13,3,9,12,8,11,19,126,133,259
ILOC30300803,16,21,37,6,9,15,25,14,39,9,12,21,5,12,17,14,15,29,4,10,14,6,3,9,0,0,0,85,96,181
ILOC30300804,13,7,20,3,3,6,3,5,8,0,13,13,5,6,11,9,8,17,3,4,7,7,8,15,0,0,0,43,54,97
ILOC30300805,13,10,23,8,4,12,15,21,36,3,17,20,12,11,23,10,12,22,3,5,8,3,3,6,4,7,11,71,90,161
ILOC30300901,14,14,28,24,25,49,64,85,149,39,38,77,24,29,53,27,20,47,5,4,9,12,5,17,3,3,6,212,223,435
ILOC30400101,6,7,13,3,0,3,15,15,30,6,16,22,8,10,18,5,3,8,4,0,4,9,0,9,3,5,8,59,56,115
ILOC30400102,3,4,7,0,0,0,10,0,10,0,0,0,3,3,6,3,7,10,3,3,6,11,3,14,0,3,3,33,23,56
ILOC30400103,0,3,3,0,5,5,6,8,14,4,3,7,6,6,12,5,5,10,5,0,5,8,7,15,8,3,11,42,40,82
ILOC30400201,3,4,7,3,7,10,15,10,25,7,8,15,7,10,17,17,13,30,8,7,15,31,15,46,4,7,11,95,81,176
ILOC30400202,39,19,58,38,32,70,140,160,300,27,48,75,40,46,86,32,28,60,18,11,29,13,3,16,3,8,11,350,355,705
ILOC30400203,28,40,68,26,22,48,105,152,257,40,51,91,21,32,53,22,9,31,7,10,17,13,8,21,11,11,22,273,335,608
ILOC30400204,16,10,26,18,39,57,44,27,71,17,31,48,19,29,48,34,30,64,9,16,25,21,20,41,33,49,82,211,251,462
ILOC30400301,16,27,43,26,21,47,38,39,77,13,30,43,22,29,51,22,29,51,27,10,37,69,30,99,26,27,53,259,242,501
ILOC30400401,0,5,5,3,3,6,3,3,6,0,3,3,6,9,15,0,10,10,0,0,0,0,3,3,4,3,7,16,39,55
ILOC30400402,84,106,190,42,71,113,113,128,241,77,150,227,70,182,252,61,94,155,41,60,101,303,136,439,115,88,203,906,1015,1921
ILOC30500101,11,11,22,4,15,19,8,11,19,9,8,17,8,19,27,3,10,13,3,5,8,35,12,47,3,9,12,84,100,184
ILOC30500102,0,3,3,0,3,3,0,0,0,0,4,4,0,7,7,0,0,0,0,0,0,3,0,3,4,0,4,7,17,24
ILOC30500103,3,10,13,7,4,11,5,10,15,13,11,24,8,13,21,4,9,13,3,5,8,13,13,26,9,3,12,65,78,143
ILOC30500201,10,7,17,4,5,9,3,10,13,5,9,14,3,9,12,7,12,19,4,4,8,15,5,20,10,0,10,61,61,122
ILOC30500202,3,3,6,4,5,9,0,8,8,4,3,7,7,6,13,4,0,4,0,3,3,8,0,8,0,3,3,30,31,61
ILOC30500203,4,10,14,4,7,11,6,8,14,3,18,21,10,15,25,6,9,15,9,9,18,15,9,24,9,5,14,66,90,156
ILOC30500301,49,50,99,51,72,123,101,97,198,69,118,187,61,115,176,45,59,104,30,28,58,56,40,96,53,50,103,515,629,1144
ILOC30500302,34,34,68,37,29,66,51,59,110,34,49,83,21,52,73,33,30,63,25,9,34,42,17,59,35,20,55,312,299,611
ILOC30500401,9,12,21,9,3,12,3,7,10,5,9,14,0,12,12,4,5,9,6,9,15,38,5,43,5,6,11,79,68,147
ILOC30500402,5,7,12,7,9,16,7,18,25,11,7,18,7,10,17,5,8,13,14,3,17,43,12,55,8,8,16,107,82,189
ILOC30500403,11,18,29,11,14,25,15,12,27,4,16,20,15,19,34,19,20,39,7,8,15,70,23,93,14,6,20,166,136,302
ILOC30500404,22,16,38,43,49,92,91,90,181,24,52,76,22,41,63,18,20,38,7,11,18,7,10,17,12,15,27,246,304,550
ILOC30500501,25,25,50,18,39,57,45,43,88,31,30,61,40,48,88,22,25,47,14,15,29,23,25,48,142,17,159,360,267,627
ILOC30500502,41,38,79,53,62,115,92,74,166,51,73,124,26,80,106,40,49,89,18,29,47,53,41,94,41,20,61,415,466,881
ILOC30500503,16,18,34,25,24,49,45,53,98,26,48,74,30,50,80,26,30,56,17,13,30,19,14,33,34,22,56,238,272,510
ILOC30500601,29,44,73,39,52,91,46,56,102,17,55,72,30,74,104,30,51,81,22,25,47,158,37,195,27,23,50,398,417,815
ILOC30500602,10,7,17,3,6,9,7,7,14,9,7,16,3,7,10,7,3,10,3,4,7,7,4,11,3,0,3,52,45,97
ILOC30500603,5,35,40,11,21,32,21,19,40,7,18,25,10,23,33,20,13,33,9,15,24,70,16,86,4,8,12,157,168,325
ILOC30500701,5,6,11,0,3,3,0,0,0,3,0,3,0,5,5,0,3,3,0,0,0,21,8,29,0,0,0,29,25,54
ILOC30500702,4,13,17,4,5,9,0,3,3,0,8,8,4,6,10,3,9,12,7,4,11,56,13,69,0,4,4,78,65,143
ILOC30500703,4,10,14,3,15,18,0,8,8,5,7,12,3,10,13,8,13,21,8,3,11,52,25,77,14,7,21,97,98,195
ILOC30500801,6,6,12,9,11,20,6,7,13,9,17,26,6,9,15,11,6,17,0,0,0,8,0,8,7,7,14,62,63,125
ILOC30500802,0,3,3,3,3,6,5,6,11,4,7,11,13,11,24,6,3,9,0,0,0,3,0,3,4,6,10,38,39,77
ILOC30500803,8,7,15,9,10,19,16,18,34,16,21,37,15,17,32,13,6,19,0,4,4,5,6,11,6,0,6,88,89,177
ILOC30500901,14,18,32,7,20,27,9,20,29,0,18,18,19,31,50,14,24,38,7,11,18,32,18,50,8,3,11,110,163,273
ILOC30500902,7,14,21,15,21,36,19,16,35,10,23,33,10,12,22,9,14,23,5,6,11,15,7,22,6,8,14,96,121,217
ILOC30500903,91,109,200,93,92,185,153,173,326,95,215,310,99,200,299,138,143,281,84,77,161,198,118,316,101,118,219,1052,1245,2297
ILOC30500904,17,21,38,13,15,28,13,16,29,13,13,26,12,26,38,8,12,20,8,14,22,33,16,49,143,3,146,260,136,396
ILOC30500905,3,3,6,0,5,5,4,10,14,4,4,8,7,7,14,5,0,5,5,7,12,18,5,23,3,6,9,49,47,96
ILOC30500906,37,28,65,18,24,42,18,19,37,11,25,36,9,18,27,18,12,30,17,10,27,26,6,32,19,13,32,173,155,328
ILOC30600101,0,11,11,4,6,10,0,4,4,3,5,8,7,5,12,0,3,3,8,3,11,12,3,15,5,0,5,39,40,79
ILOC30600102,3,0,3,0,3,3,6,3,9,4,11,15,10,4,14,3,3,6,3,3,6,5,0,5,7,3,10,41,30,71
ILOC30600103,14,10,24,17,17,34,21,32,53,6,28,34,16,46,62,20,14,34,13,14,27,18,14,32,12,13,25,137,188,325
ILOC30600201,3,5,8,4,7,11,3,4,7,4,6,10,6,13,19,10,17,27,8,0,8,16,6,22,9,3,12,63,61,124
ILOC30600301,25,27,52,64,50,114,122,135,257,69,98,167,23,46,69,17,24,41,10,11,21,12,11,23,0,3,3,342,405,747
ILOC30600401,26,16,42,17,29,46,28,29,57,22,25,47,17,36,53,14,13,27,9,3,12,24,8,32,12,8,20,169,167,336
ILOC30600402,10,12,22,13,25,38,17,28,45,22,21,43,23,30,53,12,15,27,11,6,17,17,11,28,13,15,28,138,163,301
ILOC30600501,15,6,21,15,29,44,23,32,55,22,31,53,13,41,54,23,31,54,12,14,26,22,7,29,16,16,32,161,207,368
ILOC30600601,5,4,9,8,13,21,6,18,24,13,12,25,3,11,14,5,7,12,8,0,8,7,0,7,4,0,4,59,65,124
ILOC30600602,13,5,18,4,7,11,7,24,31,6,17,23,10,18,28,10,15,25,7,5,12,9,3,12,6,11,17,72,105,177
ILOC30600603,7,7,14,9,13,22,13,15,28,16,20,36,7,14,21,12,6,18,5,0,5,5,3,8,0,8,8,74,86,160
ILOC30600701,5,4,9,0,3,3,0,4,4,0,6,6,0,5,5,10,0,10,5,0,5,3,3,6,24,3,27,47,28,75
ILOC30600702,15,6,21,11,12,23,17,13,30,5,17,22,7,27,34,18,12,30,4,7,11,15,3,18,6,8,14,98,105,203
ILOC30600801,3,11,14,4,3,7,0,7,7,4,9,13,14,9,23,10,6,16,6,3,9,21,0,21,10,4,14,72,52,124
ILOC30600802,8,5,13,5,3,8,11,6,17,6,12,18,0,8,8,3,3,6,0,4,4,8,4,12,4,4,8,45,49,94
ILOC30600803,17,24,41,11,20,31,15,25,40,29,19,48,24,33,57,26,24,50,21,13,34,34,22,56,14,16,30,191,196,387
ILOC30600901,10,9,19,10,9,19,18,23,41,20,18,38,8,23,31,10,16,26,10,7,17,6,19,25,16,15,31,108,139,247
ILOC30601001,11,17,28,5,15,20,19,22,41,21,35,56,22,35,57,15,13,28,9,9,18,24,21,45,19,10,29,145,177,322
ILOC30601101,12,4,16,20,16,36,29,36,65,17,26,43,16,22,38,14,7,21,5,5,10,11,3,14,7,8,15,131,127,258
ILOC30601201,19,17,36,11,6,17,23,32,55,14,33,47,17,34,51,19,21,40,15,13,28,16,16,32,23,15,38,157,187,344
ILOC30601301,12,9,21,12,11,23,9,17,26,14,26,40,9,14,23,15,10,25,6,7,13,14,9,23,10,9,19,101,112,213
ILOC30601302,7,7,14,11,4,15,11,14,25,7,7,14,3,8,11,6,8,14,3,8,11,3,8,11,9,9,18,60,73,133
ILOC30601401,15,19,34,24,18,42,13,36,49,14,34,48,26,44,70,21,25,46,9,8,17,11,8,19,10,10,20,143,202,345
ILOC30601402,13,7,20,12,7,19,14,16,30,8,7,15,8,14,22,8,10,18,9,4,13,6,5,11,6,8,14,84,78,162
ILOC30601501,92,113,205,96,103,199,132,151,283,109,180,289,116,213,329,112,140,252,88,81,169,157,98,255,84,108,192,986,1187,2173
ILOC30601601,12,7,19,5,9,14,4,0,4,0,7,7,3,8,11,8,12,20,4,0,4,22,19,41,4,3,7,62,65,127
ILOC30601602,8,12,20,9,11,20,13,16,29,8,17,25,12,12,24,4,12,16,8,10,18,25,9,34,4,5,9,91,104,195
ILOC30601701,5,6,11,3,10,13,8,8,16,7,13,20,5,9,14,5,4,9,7,3,10,17,3,20,7,5,12,64,61,125
ILOC30601702,3,3,6,5,0,5,3,9,12,0,11,11,5,5,10,6,0,6,3,0,3,7,0,7,0,0,0,32,28,60
ILOC30601703,6,3,9,0,7,7,3,3,6,0,4,4,4,4,8,3,3,6,7,4,11,8,0,8,6,4,10,37,32,69
ILOC30601801,6,0,6,0,10,10,6,7,13,9,20,29,4,10,14,8,10,18,5,8,13,28,13,41,6,7,13,72,85,157
ILOC30601802,3,4,7,0,5,5,5,3,8,6,0,6,4,9,13,4,7,11,4,0,4,4,5,9,3,3,6,33,36,69
ILOC30601803,7,10,17,13,12,25,12,18,30,19,12,31,6,8,14,3,3,6,6,0,6,9,3,12,4,7,11,79,73,152
ILOC30601804,0,0,0,4,6,10,10,5,15,10,6,16,3,11,14,5,0,5,0,4,4,8,4,12,4,3,7,44,39,83
ILOC30700101,10,7,17,5,4,9,11,11,22,7,15,22,6,17,23,13,8,21,3,3,6,7,5,12,0,0,0,62,70,132
ILOC30700102,12,13,25,5,10,15,10,10,20,6,11,17,13,13,26,11,11,22,9,3,12,14,19,33,13,12,25,93,102,195
ILOC30700103,3,4,7,0,0,0,3,4,7,3,0,3,3,0,3,0,0,0,3,5,8,0,0,0,3,0,3,18,13,31
ILOC30700104,35,24,59,16,12,28,24,25,49,18,22,40,27,38,65,21,46,67,27,41,68,60,74,134,28,31,59,256,313,569
ILOC30700105,31,24,55,7,13,20,34,28,62,18,25,43,30,54,84,38,43,81,8,34,42,36,32,68,37,42,79,239,295,534
ILOC30700201,7,3,10,0,4,4,21,15,36,3,15,18,9,7,16,6,9,15,3,3,6,3,3,6,7,0,7,59,59,118
ILOC30700202,4,0,4,0,0,0,5,17,22,4,4,8,8,5,13,10,4,14,0,3,3,0,5,5,3,10,13,34,48,82
ILOC30700203,3,12,15,3,0,3,40,36,76,13,17,30,9,22,31,4,8,12,0,0,0,4,3,7,23,12,35,99,110,209
ILOC30700301,20,9,29,13,8,21,73,62,135,14,44,58,14,36,50,24,24,48,7,6,13,18,9,27,9,8,17,192,206,398
ILOC30700302,6,5,11,0,4,4,17,14,31,4,6,10,9,12,21,7,0,7,4,0,4,3,4,7,0,0,0,50,45,95
ILOC30700303,5,0,5,0,0,0,37,22,59,0,11,11,0,18,18,15,14,29,7,0,7,0,3,3,3,4,7,67,72,139
ILOC30700304,3,3,6,0,6,6,30,32,62,7,22,29,13,14,27,16,7,23,0,5,5,4,0,4,0,6,6,73,95,168
ILOC30700401,12,3,15,11,7,18,32,29,61,8,12,20,4,17,21,9,15,24,0,0,0,6,0,6,7,9,16,89,92,181
ILOC30700402,3,3,6,5,0,5,15,11,26,3,14,17,9,13,22,13,3,16,3,3,6,0,0,0,0,0,0,51,47,98
ILOC30700403,4,4,8,3,8,11,32,32,64,0,5,5,11,14,25,6,3,9,3,3,6,0,6,6,0,0,0,59,75,134
ILOC30700404,0,8,8,7,0,7,43,26,69,5,13,18,14,14,28,7,6,13,0,5,5,5,0,5,0,3,3,81,75,156
ILOC30700501,18,0,18,9,4,13,48,35,83,8,24,32,12,16,28,18,4,22,3,5,8,6,4,10,7,6,13,129,98,227
ILOC30700502,9,11,20,4,10,14,34,42,76,4,19,23,14,16,30,30,8,38,4,3,7,4,5,9,4,3,7,107,117,224
ILOC30700503,0,0,0,0,0,0,6,3,9,0,3,3,3,0,3,3,3,6,0,3,3,3,0,3,0,3,3,15,15,30
ILOC30800101,25,18,43,22,37,59,34,42,76,27,33,60,38,52,90,29,49,78,20,22,42,74,9,83,16,10,26,285,272,557
ILOC30800201,18,11,29,22,16,38,26,28,54,15,33,48,19,35,54,13,28,41,6,11,17,22,12,34,15,17,32,156,191,347
ILOC30800202,12,15,27,5,15,20,10,16,26,13,27,40,12,16,28,6,7,13,8,9,17,11,5,16,0,7,7,77,117,194
ILOC30800301,38,35,73,18,31,49,43,38,81,28,41,69,23,39,62,12,25,37,13,16,29,41,20,61,23,28,51,239,273,512
ILOC30800401,6,5,11,5,14,19,8,13,21,11,20,31,17,17,34,14,12,26,9,4,13,26,4,30,9,8,17,105,97,202
ILOC30800501,16,6,22,13,10,23,12,10,22,9,7,16,13,9,22,10,8,18,5,6,11,14,6,20,3,5,8,95,67,162
ILOC30800502,12,10,22,7,17,24,23,23,46,25,28,53,15,32,47,10,13,23,12,0,12,6,5,11,26,13,39,136,141,277
ILOC30800601,88,123,211,84,133,217,81,128,209,78,154,232,83,199,282,112,140,252,123,67,190,368,111,479,83,87,170,1100,1142,2242
ILOC30800701,10,15,25,9,15,24,4,16,20,8,15,23,9,24,33,17,13,30,10,3,13,35,14,49,10,10,20,112,125,237
ILOC30800801,6,7,13,4,12,16,6,8,14,7,9,16,3,3,6,6,7,13,8,3,11,34,3,37,4,5,9,78,57,135
ILOC30800901,53,39,92,77,60,137,346,235,581,89,132,221,62,111,173,64,74,138,24,32,56,22,25,47,17,14,31,754,722,1476
ILOC30801001,11,11,22,16,10,26,15,20,35,10,25,35,14,31,45,17,12,29,15,5,20,28,13,41,17,5,22,143,132,275
ILOC30801101,16,22,38,14,25,39,16,30,46,11,20,31,13,21,34,12,18,30,18,9,27,68,16,84,18,20,38,186,181,367
ILOC30801201,140,160,300,143,147,290,117,153,270,67,166,233,96,206,302,103,152,255,88,110,198,299,161,460,103,117,220,1156,1372,2528
ILOC30801301,155,174,329,131,187,318,209,234,443,135,238,373,141,304,445,164,207,371,143,135,278,323,215,538,191,166,357,1592,1860,3452
ILOC30801401,8,16,24,7,10,17,8,5,13,5,7,12,4,9,13,5,3,8,9,3,12,18,7,25,5,5,10,69,65,134
ILOC30801402,0,6,6,3,4,7,8,5,13,8,9,17,5,14,19,7,6,13,7,9,16,16,10,26,331,82,413,385,145,530
ILOC30801501,6,8,14,8,7,15,9,26,35,8,18,26,14,21,35,19,16,35,10,7,17,13,14,27,15,5,20,102,122,224
ILOC30801502,9,0,9,0,3,3,19,18,37,3,4,7,4,7,11,4,0,4,0,4,4,0,0,0,0,0,0,39,36,75
ILOC30801503,9,13,22,0,3,3,6,11,17,6,6,12,10,14,24,16,14,30,7,3,10,9,3,12,7,18,25,70,85,155
ILOC39499494,35,18,53,45,26,71,87,65,152,67,33,100,27,27,54,13,9,22,5,10,15,29,8,37,59,33,92,367,229,596
ILOC39799797,0,0,0,0,0,0,0,0,0,3,0,3,3,0,3,0,0,0,3,0,3,3,0,3,0,0,0,12,0,12
ILOC40100101,6,3,9,4,6,10,15,14,29,16,9,25,5,11,16,0,5,5,3,7,10,9,11,20,61,6,67,119,72,191
ILOC40100102,3,4,7,3,11,14,12,5,17,8,15,23,6,9,15,4,11,15,8,5,13,14,10,24,6,6,12,64,76,140
ILOC40100201,5,5,10,4,13,17,5,3,8,3,6,9,5,4,9,10,6,16,3,5,8,21,11,32,3,5,8,59,58,117
ILOC40100202,6,9,15,14,10,24,9,10,19,3,12,15,3,7,10,7,7,14,8,3,11,20,17,37,6,0,6,76,75,151
ILOC40100301,18,14,32,11,14,25,22,21,43,8,17,25,11,31,42,14,13,27,13,7,20,31,9,40,6,3,9,134,129,263
ILOC40100401,3,3,6,9,7,16,17,13,30,10,20,30,5,7,12,0,6,6,3,0,3,0,3,3,13,10,23,60,69,129
ILOC40100402,8,8,16,19,11,30,10,10,20,6,19,25,14,12,26,7,11,18,4,10,14,8,6,14,13,9,22,89,96,185
ILOC40100501,20,4,24,17,7,24,7,9,16,8,10,18,4,16,20,15,10,25,3,12,15,11,13,24,7,6,13,92,87,179
ILOC40100502,6,6,12,12,4,16,9,10,19,12,8,20,8,12,20,6,4,10,4,4,8,8,15,23,10,0,10,75,63,138
ILOC40100601,5,8,13,6,4,10,12,6,18,6,19,25,5,12,17,7,8,15,8,9,17,11,8,19,3,13,16,63,87,150
ILOC40100602,8,3,11,4,19,23,17,16,33,11,18,29,10,12,22,5,12,17,4,13,17,19,7,26,9,4,13,87,104,191
ILOC40100603,4,7,11,12,6,18,14,15,29,15,21,36,3,15,18,15,11,26,7,7,14,11,12,23,6,11,17,87,105,192
ILOC40100604,13,4,17,23,17,40,32,37,69,24,38,62,19,20,39,19,18,37,13,10,23,22,30,52,16,15,31,181,189,370
ILOC40100701,18,20,38,22,25,47,25,25,50,19,18,37,12,31,43,15,15,30,15,7,22,14,13,27,12,14,26,152,168,320
ILOC40100801,9,7,16,7,14,21,10,14,24,9,19,28,5,21,26,6,9,15,11,6,17,18,14,32,10,7,17,85,111,196
ILOC40100901,7,4,11,10,8,18,6,7,13,3,14,17,8,9,17,6,9,15,3,4,7,16,14,30,3,4,7,62,73,135
ILOC40100902,15,17,32,16,24,40,23,29,52,16,29,45,18,17,35,14,11,25,3,9,12,43,31,74,17,19,36,165,186,351
ILOC40101001,11,6,17,8,12,20,11,12,23,6,14,20,3,13,16,9,5,14,0,0,0,5,3,8,7,3,10,60,68,128
ILOC40101002,5,3,8,0,8,8,9,8,17,11,8,19,6,4,10,4,0,4,0,4,4,9,3,12,20,7,27,64,45,109
ILOC40101101,13,5,18,13,17,30,23,25,48,20,32,52,16,24,40,14,13,27,10,10,20,23,17,40,12,8,20,144,151,295
ILOC40101102,7,8,15,4,12,16,16,18,34,11,18,29,10,20,30,5,7,12,7,8,15,21,12,33,0,5,5,81,108,189
ILOC40101103,7,3,10,0,4,4,7,3,10,0,5,5,3,7,10,3,3,6,4,0,4,10,8,18,4,3,7,38,36,74
ILOC40101201,28,15,43,46,42,88,45,57,102,37,46,83,19,43,62,41,36,77,19,11,30,31,20,51,98,18,116,364,288,652
ILOC40101301,0,3,3,3,0,3,6,16,22,4,10,14,0,6,6,0,0,0,0,0,0,0,4,4,3,0,3,16,39,55
ILOC40101302,6,5,11,8,8,16,13,8,21,14,6,20,8,3,11,8,10,18,3,4,7,6,3,9,9,5,14,75,52,127
ILOC40101303,0,0,0,4,4,8,4,10,14,4,6,10,5,3,8,4,6,10,0,0,0,0,0,0,0,3,3,21,32,53
ILOC40101401,25,31,56,45,33,78,39,43,82,36,58,94,37,52,89,30,35,65,39,30,69,47,39,86,22,31,53,320,352,672
ILOC40101402,20,17,37,18,23,41,26,23,49,7,25,32,10,38,48,14,11,25,10,7,17,15,15,30,8,15,23,128,174,302
ILOC40101403,11,20,31,18,27,45,11,22,33,8,20,28,18,24,42,12,19,31,13,13,26,35,13,48,4,8,12,130,166,296
ILOC40101501,11,22,33,21,27,48,26,35,61,31,33,64,13,33,46,24,23,47,16,13,29,10,11,21,13,20,33,165,217,382
ILOC40101502,18,13,31,11,15,26,12,15,27,7,21,28,5,29,34,18,10,28,12,9,21,23,22,45,8,10,18,114,144,258
ILOC40101503,25,25,50,42,35,77,49,49,98,38,59,97,28,49,77,25,27,52,22,16,38,21,18,39,36,26,62,286,304,590
ILOC40101504,4,10,14,4,3,7,12,7,19,7,4,11,5,12,17,3,6,9,7,5,12,10,10,20,6,6,12,58,63,121
ILOC40101601,27,18,45,24,19,43,35,34,69,24,31,55,21,37,58,17,18,35,7,14,21,42,41,83,31,20,51,228,232,460
ILOC40101602,15,31,46,14,29,43,29,31,60,25,30,55,15,29,44,9,16,25,16,12,28,18,21,39,127,39,166,268,238,506
ILOC40101603,14,12,26,12,17,29,28,36,64,17,36,53,9,32,41,15,17,32,6,13,19,17,19,36,23,13,36,141,195,336
ILOC40101604,15,8,23,15,13,28,30,31,61,8,12,20,10,26,36,7,13,20,5,5,10,12,12,24,16,9,25,118,129,247
ILOC40101605,11,5,16,17,15,32,17,20,37,21,24,45,13,15,28,12,19,31,3,7,10,14,21,35,12,12,24,120,138,258
ILOC40101701,3,3,6,4,6,10,7,13,20,5,7,12,4,10,14,5,5,10,5,4,9,4,0,4,7,8,15,44,56,100
ILOC40101801,16,11,27,33,22,55,38,36,74,13,23,36,16,34,50,28,23,51,14,7,21,22,20,42,17,25,42,197,201,398
ILOC40101802,9,14,23,19,16,35,13,8,21,15,16,31,9,12,21,9,10,19,11,6,17,17,8,25,3,10,13,105,100,205
ILOC40101803,24,14,38,16,26,42,25,42,67,18,38,56,18,33,51,30,23,53,14,18,32,30,32,62,16,25,41,191,251,442
ILOC40101804,23,22,45,15,21,36,34,29,63,19,34,53,21,44,65,27,27,54,39,19,58,40,34,74,13,21,34,231,251,482
ILOC40101901,16,9,25,15,17,32,20,29,49,20,27,47,20,29,49,29,18,47,18,5,23,20,10,30,29,12,41,187,156,343
ILOC40101902,14,19,33,24,32,56,15,32,47,8,29,37,14,27,41,20,20,40,17,4,21,14,17,31,10,11,21,136,191,327
ILOC40102001,22,28,50,26,37,63,39,36,75,14,38,52,22,53,75,26,28,54,23,17,40,45,37,82,18,17,35,235,291,526
ILOC40102101,3,3,6,8,4,12,9,16,25,4,6,10,6,3,9,6,8,14,0,0,0,13,8,21,9,3,12,58,51,109
ILOC40102102,16,14,30,7,10,17,13,13,26,9,16,25,11,24,35,11,11,22,8,0,8,19,28,47,9,8,17,103,124,227
ILOC40102103,5,4,9,13,7,20,3,7,10,4,4,8,3,10,13,4,5,9,0,4,4,11,17,28,3,3,6,46,61,107
ILOC40102201,8,8,16,6,8,14,4,15,19,13,15,28,7,5,12,9,5,14,5,3,8,6,3,9,3,4,7,61,66,127
ILOC40102301,8,5,13,12,6,18,13,20,33,5,22,27,11,7,18,13,16,29,5,4,9,11,6,17,15,9,24,93,95,188
ILOC40102302,3,3,6,3,3,6,15,14,29,10,15,25,0,4,4,4,0,4,3,0,3,0,0,0,4,0,4,42,39,81
ILOC40102303,5,12,17,7,4,11,11,11,22,12,15,27,5,11,16,6,6,12,0,4,4,9,0,9,6,11,17,61,74,135
ILOC40200101,10,23,33,35,32,67,77,88,165,4,8,12,0,7,7,0,5,5,4,0,4,6,0,6,18,9,27,154,172,326
ILOC40200102,0,4,4,5,0,5,17,17,34,9,7,16,3,9,12,5,0,5,4,0,4,0,4,4,0,3,3,43,44,87
ILOC40200103,5,8,13,5,14,19,55,45,100,16,27,43,9,5,14,3,5,8,0,0,0,4,0,4,4,8,12,101,112,213
ILOC40200104,3,3,6,3,0,3,7,13,20,4,6,10,3,3,6,3,3,6,0,0,0,0,0,0,0,0,0,23,28,51
ILOC40200105,6,7,13,32,23,55,30,24,54,4,15,19,3,9,12,7,0,7,3,0,3,0,5,5,3,3,6,88,86,174
ILOC40200106,3,3,6,8,5,13,11,17,28,3,3,6,3,3,6,0,0,0,0,0,0,0,0,0,6,8,14,34,39,73
ILOC40200107,3,5,8,10,10,20,35,38,73,31,29,60,6,4,10,4,4,8,0,3,3,0,0,0,0,0,0,89,93,182
ILOC40200108,0,3,3,7,7,14,5,18,23,3,3,6,3,3,6,0,3,3,3,0,3,0,0,0,3,0,3,24,37,61
ILOC40200109,18,8,26,9,14,23,66,48,114,17,45,62,14,29,43,14,7,21,3,3,6,4,0,4,7,0,7,152,154,306
ILOC40200110,0,0,0,0,0,0,6,10,16,6,0,6,0,3,3,0,0,0,0,0,0,0,0,0,0,0,0,12,13,25
ILOC40200201,5,10,15,9,8,17,11,23,34,10,7,17,8,9,17,0,8,8,0,10,10,14,8,22,19,23,42,76,106,182
ILOC40200202,0,0,0,0,0,0,3,3,6,0,0,0,3,3,6,0,3,3,0,0,0,0,0,0,3,4,7,9,13,22
ILOC40200301,3,5,8,4,5,9,9,7,16,3,3,6,3,5,8,0,6,6,0,0,0,3,3,6,10,11,21,35,45,80
ILOC40200302,0,0,0,3,4,7,5,7,12,7,3,10,0,3,3,0,3,3,0,0,0,0,0,0,3,0,3,18,20,38
ILOC40200303,3,5,8,5,3,8,10,11,21,7,10,17,18,9,27,11,5,16,10,5,15,24,9,33,8,10,18,96,67,163
ILOC40200304,3,0,3,0,0,0,3,4,7,0,5,5,3,0,3,0,0,0,3,0,3,3,0,3,9,15,24,24,24,48
ILOC40200305,4,6,10,0,4,4,0,0,0,3,0,3,0,0,0,0,5,5,0,0,0,29,3,32,0,0,0,36,18,54
ILOC40200401,26,20,46,35,48,83,54,57,111,36,44,80,14,51,65,23,21,44,12,10,22,33,16,49,19,28,47,252,295,547
ILOC40200402,0,3,3,0,3,3,9,11,20,6,6,12,7,10,17,4,4,8,5,3,8,9,4,13,3,5,8,43,49,92
ILOC40200501,0,11,11,3,10,13,23,27,50,10,6,16,17,13,30,0,0,0,4,0,4,0,0,0,5,0,5,62,67,129
ILOC40200502,30,29,59,40,32,72,69,80,149,45,79,124,32,62,94,31,40,71,21,24,45,57,31,88,210,48,258,535,425,960
ILOC40200503,0,5,5,0,0,0,4,0,4,0,0,0,0,4,4,0,0,0,0,0,0,0,0,0,0,0,0,4,9,13
ILOC40200504,19,14,33,24,26,50,28,38,66,12,42,54,10,20,30,7,27,34,15,9,24,32,15,47,12,23,35,159,214,373
ILOC40200505,3,7,10,3,5,8,6,8,14,6,7,13,6,4,10,7,8,15,7,0,7,16,11,27,4,11,15,58,61,119
ILOC40200601,26,22,48,35,37,72,50,73,123,28,55,83,22,39,61,17,20,37,14,9,23,51,35,86,29,26,55,272,316,588
ILOC40300101,18,20,38,11,11,22,25,23,48,11,15,26,19,27,46,12,20,32,6,18,24,26,20,46,24,17,41,152,171,323
ILOC40300102,0,3,3,8,6,14,22,27,49,5,3,8,0,0,0,0,4,4,0,0,0,0,4,4,3,0,3,38,47,85
ILOC40300103,3,3,6,10,4,14,17,18,35,3,12,15,9,15,24,0,5,5,4,4,8,5,0,5,5,0,5,56,61,117
ILOC40300104,0,4,4,5,4,9,5,8,13,5,7,12,0,3,3,3,0,3,0,0,0,9,3,12,0,3,3,27,32,59
ILOC40300201,3,13,16,10,16,26,6,6,12,12,14,26,12,6,18,4,8,12,8,3,11,14,4,18,19,11,30,88,81,169
ILOC40300202,0,0,0,10,7,17,6,6,12,3,3,6,0,6,6,0,0,0,0,0,0,3,4,7,0,0,0,22,26,48
ILOC40300203,0,0,0,0,3,3,3,3,6,3,5,8,3,3,6,3,4,7,0,0,0,3,0,3,3,4,7,18,22,40
ILOC40300204,0,4,4,4,8,12,6,10,16,4,3,7,3,7,10,4,7,11,0,0,0,4,3,7,53,59,112,78,101,179
ILOC40300301,27,18,45,30,19,49,36,53,89,27,45,72,33,37,70,23,23,46,9,13,22,24,23,47,32,32,64,241,263,504
ILOC49499494,6,0,6,4,7,11,27,20,47,10,13,23,5,5,10,10,5,15,5,0,5,3,4,7,10,14,24,80,68,148
ILOC49799797,0,0,0,0,0,0,0,0,0,0,0,0,0,0,0,0,0,0,0,0,0,0,0,0,0,0,0,0,0,0
ILOC50100101,46,39,85,30,53,83,62,79,141,53,85,138,21,52,73,35,33,68,24,30,54,66,58,124,168,56,224,505,485,990
ILOC50100102,8,4,12,4,5,9,11,11,22,7,15,22,6,3,9,14,11,25,7,12,19,41,36,77,12,9,21,110,106,216
ILOC50100103,6,7,13,3,4,7,35,34,69,10,12,22,6,8,14,5,8,13,10,5,15,16,7,23,0,0,0,91,85,176
ILOC50100104,28,37,65,19,33,52,30,43,73,19,39,58,16,53,69,15,25,40,21,22,43,65,74,139,35,49,84,248,375,623
ILOC50100201,17,5,22,8,4,12,27,30,57,8,22,30,5,11,16,11,10,21,5,7,12,5,0,5,0,3,3,86,92,178
ILOC50100202,9,9,18,13,9,22,29,19,48,9,24,33,5,5,10,6,6,12,0,3,3,3,3,6,3,4,7,77,82,159
ILOC50100203,16,9,25,29,24,53,59,67,126,29,40,69,14,17,31,0,8,8,3,3,6,5,0,5,9,5,14,164,173,337
ILOC50100204,10,8,18,7,6,13,17,14,31,4,7,11,3,5,8,7,3,10,9,0,9,3,0,3,0,3,3,60,46,106
ILOC50100205,4,5,9,9,11,20,27,15,42,8,8,16,5,5,10,5,8,13,0,0,0,3,3,6,3,0,3,64,55,119
ILOC50200101,21,30,51,16,15,31,38,52,90,29,36,65,14,41,55,25,32,57,13,23,36,48,30,78,47,64,111,251,323,574
ILOC50200102,5,0,5,5,0,5,28,30,58,8,19,27,3,7,10,3,4,7,3,0,3,0,0,0,0,0,0,55,60,115
ILOC50200201,6,7,13,4,7,11,11,12,23,3,15,18,9,12,21,4,0,4,3,0,3,5,4,9,9,7,16,54,64,118
ILOC50200202,11,9,20,11,11,22,19,22,41,7,14,21,7,12,19,3,3,6,0,4,4,6,4,10,3,4,7,67,83,150
ILOC50200301,0,4,4,0,0,0,4,0,4,0,0,0,3,4,7,3,3,6,0,0,0,0,3,3,0,3,3,10,17,27
ILOC50200302,6,8,14,3,0,3,11,5,16,7,5,12,8,9,17,6,0,6,3,3,6,4,3,7,11,7,18,59,40,99
ILOC50200303,3,7,10,7,3,10,14,9,23,4,14,18,3,10,13,0,3,3,4,4,8,12,0,12,5,9,14,52,59,111
ILOC50200401,49,42,91,36,51,87,62,65,127,25,69,94,32,66,98,32,43,75,13,30,43,58,31,89,67,87,154,374,484,858
ILOC50200402,17,17,34,8,25,33,11,16,27,6,17,23,12,20,32,4,16,20,9,13,22,43,20,63,228,27,255,338,171,509
ILOC50200403,23,23,46,23,31,54,31,48,79,20,37,57,5,32,37,13,19,32,7,14,21,51,27,78,38,34,72,211,265,476
ILOC50200404,17,17,34,12,7,19,22,31,53,11,17,28,17,30,47,3,19,22,4,5,9,46,23,69,21,20,41,153,169,322
ILOC50200501,12,13,25,8,10,18,9,14,23,7,9,16,9,21,30,7,13,20,4,6,10,32,12,44,21,8,29,109,106,215
ILOC50200601,0,0,0,0,0,0,0,0,0,0,0,0,0,5,5,0,4,4,0,0,0,3,0,3,0,0,0,3,9,12
ILOC50200602,9,16,25,5,16,21,36,39,75,12,24,36,8,6,14,4,8,12,5,3,8,20,11,31,27,34,61,126,157,283
ILOC50200701,3,0,3,4,9,13,8,7,15,3,10,13,4,0,4,0,0,0,3,5,8,0,3,3,6,0,6,31,34,65
ILOC50200702,3,3,6,5,8,13,11,7,18,3,5,8,3,5,8,7,4,11,5,0,5,12,5,17,0,6,6,49,43,92
ILOC50300101,18,8,26,15,20,35,8,27,35,9,18,27,18,28,46,6,16,22,7,3,10,20,10,30,12,26,38,113,156,269
ILOC50300102,8,33,41,0,4,4,4,7,11,0,6,6,0,4,4,3,7,10,3,0,3,9,3,12,29,3,32,56,67,123
ILOC50300201,10,6,16,0,7,7,16,17,33,6,14,20,3,5,8,5,8,13,6,6,12,11,6,17,6,4,10,63,73,136
ILOC50300202,0,4,4,0,0,0,6,5,11,4,3,7,0,4,4,0,0,0,0,0,0,0,0,0,0,0,0,10,16,26
ILOC50300203,5,0,5,0,0,0,0,0,0,0,7,7,0,0,0,3,0,3,0,4,4,8,0,8,8,5,13,24,16,40
ILOC50300204,3,3,6,0,4,4,3,3,6,0,5,5,0,3,3,3,0,3,3,0,3,15,3,18,0,3,3,27,24,51
ILOC50300205,5,5,10,5,3,8,7,8,15,0,3,3,5,7,12,0,0,0,0,0,0,0,0,0,0,0,0,22,26,48
ILOC50300206,5,4,9,3,3,6,0,4,4,7,3,10,0,3,3,0,3,3,0,5,5,7,3,10,14,5,19,36,33,69
ILOC50300301,41,67,108,36,56,92,63,88,151,50,94,144,35,92,127,34,53,87,23,47,70,158,83,241,144,96,240,584,676,1260
ILOC50300302,0,6,6,0,4,4,19,16,35,11,13,24,0,3,3,4,0,4,0,0,0,0,0,0,4,0,4,38,42,80
ILOC50300401,4,0,4,6,6,12,8,13,21,0,3,3,0,0,0,3,3,6,3,0,3,0,0,0,0,0,0,24,25,49
ILOC50300402,0,0,0,18,12,30,10,18,28,5,5,10,3,4,7,0,0,0,3,0,3,0,0,0,0,3,3,39,42,81
ILOC50300403,3,0,3,12,0,12,13,23,36,0,9,9,3,0,3,3,4,7,0,0,0,0,0,0,3,5,8,37,41,78
ILOC50300404,3,3,6,16,20,36,40,48,88,9,18,27,3,10,13,0,5,5,3,3,6,18,9,27,12,8,20,104,124,228
ILOC50300405,3,3,6,0,0,0,10,10,20,4,6,10,3,5,8,0,5,5,0,0,0,4,0,4,0,0,0,24,29,53
ILOC50300406,0,0,0,14,8,22,23,33,56,0,15,15,0,3,3,3,3,6,3,0,3,0,0,0,0,0,0,43,62,105
ILOC50300407,3,3,6,7,6,13,15,19,34,0,6,6,0,3,3,3,4,7,3,0,3,3,0,3,8,10,18,42,51,93
ILOC50300408,3,3,6,15,18,33,14,19,33,3,10,13,5,5,10,3,0,3,0,0,0,3,0,3,0,3,3,46,58,104
ILOC50300501,4,4,8,3,4,7,13,13,26,3,13,16,6,14,20,3,3,6,0,3,3,12,0,12,10,18,28,54,72,126
ILOC50300502,4,3,7,3,5,8,11,10,21,3,3,6,3,7,10,0,5,5,0,0,0,15,5,20,6,3,9,45,41,86
ILOC50300503,4,3,7,27,18,45,23,21,44,10,21,31,0,3,3,3,3,6,0,0,0,0,0,0,0,3,3,67,72,139
ILOC50300601,5,5,10,35,41,76,30,53,83,12,26,38,13,11,24,6,4,10,0,0,0,0,3,3,11,21,32,112,164,276
ILOC50300701,6,5,11,9,9,18,41,57,98,6,10,16,3,11,14,4,5,9,3,0,3,22,4,26,3,0,3,97,101,198
ILOC50400101,10,4,14,0,3,3,15,9,24,4,3,7,0,5,5,5,3,8,0,4,4,12,3,15,4,0,4,50,34,84
ILOC50400102,4,4,8,0,0,0,9,8,17,0,3,3,0,4,4,6,3,9,4,0,4,0,0,0,0,3,3,23,25,48
ILOC50400103,34,22,56,12,6,18,9,13,22,7,13,20,5,8,13,6,0,6,3,3,6,6,3,9,4,0,4,86,68,154
ILOC50400201,7,12,19,20,26,46,66,61,127,30,43,73,7,5,12,4,3,7,3,3,6,4,3,7,10,10,20,151,166,317
ILOC50400202,7,0,7,0,8,8,18,7,25,3,6,9,0,3,3,5,0,5,0,0,0,3,7,10,3,3,6,39,34,73
ILOC50400203,7,3,10,3,3,6,20,30,50,3,10,13,3,6,9,0,0,0,3,0,3,3,3,6,3,0,3,45,55,100
ILOC50400204,10,6,16,10,9,19,28,29,57,5,6,11,0,4,4,3,6,9,0,3,3,0,5,5,3,3,6,59,71,130
ILOC50400205,5,3,8,9,3,12,17,18,35,9,17,26,3,3,6,0,0,0,0,0,0,0,0,0,0,0,0,43,44,87
ILOC50400301,25,21,46,9,21,30,42,47,89,23,34,57,9,23,32,9,13,22,5,18,23,19,21,40,22,19,41,163,217,380
ILOC50400302,15,13,28,9,14,23,47,51,98,14,34,48,3,6,9,4,10,14,0,0,0,6,0,6,3,3,6,101,131,232
ILOC50400303,3,3,6,7,3,10,20,20,40,5,10,15,0,3,3,0,3,3,0,0,0,0,0,0,0,0,0,35,42,77
ILOC50400401,12,6,18,16,15,31,39,29,68,23,12,35,7,15,22,6,8,14,3,4,7,6,0,6,11,19,30,123,108,231
ILOC50400501,12,14,26,16,14,30,43,45,88,14,22,36,10,13,23,4,3,7,3,0,3,3,3,6,13,14,27,118,128,246
ILOC50400601,29,29,58,17,21,38,43,64,107,25,42,67,29,53,82,22,36,58,7,26,33,59,50,109,38,50,88,269,371,640
ILOC50400602,3,0,3,3,0,3,29,30,59,4,5,9,3,4,7,0,0,0,0,0,0,3,0,3,7,12,19,52,51,103
ILOC50400603,4,6,10,8,4,12,12,17,29,7,5,12,3,3,6,0,0,0,0,3,3,0,0,0,5,4,9,39,42,81
ILOC50400701,11,5,16,3,8,11,14,20,34,14,10,24,5,5,10,0,5,5,4,5,9,14,0,14,9,3,12,74,61,135
ILOC50400702,7,3,10,12,3,15,18,26,44,5,4,9,0,0,0,4,8,12,0,0,0,0,0,0,5,3,8,51,47,98
ILOC50400801,8,11,19,4,9,13,30,46,76,16,14,30,14,14,28,8,22,30,9,7,16,21,13,34,15,14,29,125,150,275
ILOC50500101,14,16,30,30,19,49,32,43,75,10,36,46,7,26,33,18,22,40,20,10,30,39,14,53,20,20,40,190,206,396
ILOC50500102,17,22,39,7,8,15,14,20,34,5,11,16,5,21,26,7,8,15,10,3,13,25,22,47,12,10,22,102,125,227
ILOC50500103,9,5,14,9,5,14,21,10,31,7,0,7,8,11,19,11,8,19,4,6,10,21,10,31,15,7,22,105,62,167
ILOC50500104,14,6,20,7,10,17,7,14,21,9,14,23,3,9,12,7,6,13,9,6,15,24,13,37,6,0,6,86,78,164
ILOC50500105,7,6,13,10,6,16,12,9,21,6,3,9,7,12,19,5,6,11,0,3,3,5,8,13,9,3,12,61,56,117
ILOC50500201,17,9,26,6,12,18,19,20,39,17,16,33,5,17,22,13,5,18,5,9,14,32,19,51,14,12,26,128,119,247
ILOC50500301,16,15,31,4,7,11,13,19,32,5,15,20,6,21,27,5,9,14,8,8,16,30,24,54,14,13,27,101,131,232
ILOC50500302,8,14,22,16,11,27,9,31,40,12,26,38,11,20,31,14,19,33,4,14,18,35,32,67,20,9,29,129,176,305
ILOC50500401,14,15,29,11,15,26,8,16,24,18,17,35,5,13,18,7,14,21,5,7,12,19,24,43,15,23,38,102,144,246
ILOC50500402,7,12,19,14,12,26,5,16,21,8,18,26,3,12,15,4,10,14,3,6,9,22,16,38,6,13,19,72,115,187
ILOC50500403,8,0,8,0,0,0,3,6,9,3,0,3,0,8,8,3,6,9,3,0,3,9,13,22,9,11,20,38,44,82
ILOC50500404,9,7,16,6,13,19,7,14,21,14,16,30,6,8,14,3,5,8,0,8,8,14,25,39,13,17,30,72,113,185
ILOC50500501,14,9,23,7,16,23,4,11,15,5,5,10,4,11,15,12,9,21,7,3,10,36,15,51,6,6,12,95,85,180
ILOC50500502,11,7,18,22,18,40,33,39,72,19,32,51,25,23,48,7,15,22,12,14,26,31,21,52,19,22,41,179,191,370
ILOC50500503,0,0,0,0,3,3,0,0,0,0,0,0,0,0,0,0,3,3,3,0,3,3,0,3,0,3,3,6,9,15
ILOC50500601,18,13,31,16,12,28,14,10,24,8,14,22,12,9,21,3,10,13,3,8,11,17,15,32,10,16,26,101,107,208
ILOC50500602,7,5,12,3,7,10,9,12,21,14,15,29,7,11,18,4,18,22,3,7,10,14,8,22,8,6,14,69,89,158
ILOC50500603,16,21,37,17,20,37,14,22,36,10,21,31,7,19,26,14,17,31,7,5,12,41,33,74,13,18,31,139,176,315
ILOC50500604,8,9,17,3,6,9,10,20,30,3,4,7,7,7,14,3,6,9,3,3,6,10,13,23,6,3,9,53,71,124
ILOC50500605,4,7,11,8,13,21,15,23,38,5,19,24,9,4,13,5,9,14,4,4,8,11,12,23,17,8,25,78,99,177
ILOC50500701,9,12,21,12,12,24,21,32,53,20,17,37,18,22,40,6,13,19,3,12,15,31,22,53,28,29,57,148,171,319
ILOC50500801,8,5,13,0,4,4,0,3,3,3,5,8,6,9,15,8,7,15,3,6,9,15,4,19,3,7,10,46,50,96
ILOC50500802,0,8,8,4,9,13,3,3,6,0,3,3,8,4,12,7,4,11,3,4,7,26,13,39,238,0,238,289,48,337
ILOC50500803,13,21,34,28,26,54,24,35,59,19,28,47,10,36,46,19,17,36,11,20,31,53,25,78,20,39,59,197,247,444
ILOC50500804,6,6,12,7,6,13,7,14,21,4,5,9,0,10,10,6,8,14,3,3,6,19,10,29,10,5,15,62,67,129
ILOC50500805,9,7,16,4,9,13,3,9,12,6,4,10,3,18,21,3,5,8,0,5,5,10,5,15,7,11,18,45,73,118
ILOC50500806,8,4,12,7,9,16,7,9,16,0,6,6,0,7,7,3,5,8,0,6,6,11,4,15,3,6,9,39,56,95
ILOC50500807,3,7,10,10,15,25,12,15,27,6,25,31,11,19,30,15,8,23,4,13,17,9,5,14,21,18,39,91,125,216
ILOC50500808,11,17,28,8,19,27,16,26,42,22,19,41,14,22,36,5,13,18,10,12,22,26,19,45,13,16,29,125,163,288
ILOC50500901,7,3,10,8,7,15,3,11,14,4,4,8,7,10,17,5,21,26,11,8,19,34,20,54,4,4,8,83,88,171
ILOC50500902,23,21,44,18,15,33,16,24,40,8,19,27,13,29,42,11,19,30,16,15,31,63,43,106,14,15,29,182,200,382
ILOC50501001,16,15,31,5,17,22,7,14,21,5,13,18,8,13,21,11,10,21,6,11,17,30,17,47,6,10,16,94,120,214
ILOC50501002,7,18,25,9,8,17,15,9,24,6,6,12,7,14,21,6,4,10,6,5,11,23,19,42,17,3,20,96,86,182
ILOC50501003,14,24,38,4,16,20,3,8,11,7,3,10,6,9,15,5,14,19,0,3,3,25,26,51,7,0,7,71,103,174
ILOC50501101,29,23,52,19,16,35,27,43,70,17,34,51,14,31,45,16,25,41,15,12,27,39,26,65,24,18,42,200,228,428
ILOC50501102,15,3,18,0,12,12,7,5,12,3,4,7,3,14,17,0,6,6,6,3,9,21,8,29,270,3,273,325,58,383
ILOC50501201,6,7,13,8,6,14,3,12,15,5,14,19,8,10,18,5,6,11,4,3,7,28,23,51,7,9,16,74,90,164
ILOC50501202,8,7,15,9,10,19,21,21,42,8,12,20,13,11,24,3,13,16,4,7,11,20,15,35,19,19,38,105,115,220
ILOC50501301,9,11,20,14,14,28,4,13,17,8,5,13,8,20,28,11,5,16,7,8,15,44,20,64,418,4,422,523,100,623
ILOC50501302,13,10,23,18,13,31,16,11,27,7,11,18,3,18,21,6,14,20,12,0,12,25,22,47,9,12,21,109,111,220
ILOC50501401,4,8,12,5,6,11,15,16,31,12,12,24,7,15,22,6,9,15,3,5,8,40,27,67,10,5,15,102,103,205
ILOC50501402,11,26,37,16,17,33,15,15,30,5,19,24,10,14,24,9,4,13,7,4,11,30,17,47,21,11,32,124,127,251
ILOC50501501,38,38,76,26,32,58,32,50,82,13,42,55,25,38,63,16,34,50,19,16,35,93,33,126,24,21,45,286,304,590
ILOC50501502,11,13,24,9,9,18,17,22,39,12,19,31,7,19,26,4,8,12,7,7,14,38,19,57,3,4,7,108,120,228
ILOC50501503,12,19,31,7,10,17,3,12,15,6,8,14,8,15,23,8,10,18,3,6,9,41,15,56,9,5,14,97,100,197
ILOC50501601,3,6,9,4,5,9,11,4,15,0,6,6,0,7,7,0,11,11,4,3,7,23,17,40,31,3,34,76,62,138
ILOC50501701,31,7,38,25,14,39,14,29,43,11,15,26,14,13,27,7,15,22,4,7,11,21,18,39,24,18,42,151,136,287
ILOC50501702,10,14,24,9,18,27,30,33,63,23,31,54,9,24,33,11,15,26,4,8,12,24,30,54,32,37,69,152,210,362
ILOC50501801,20,21,41,15,23,38,20,25,45,11,21,32,18,24,42,19,12,31,10,16,26,44,49,93,16,12,28,173,203,376
ILOC50501802,16,24,40,13,16,29,25,38,63,12,29,41,9,26,35,12,25,37,10,11,21,42,33,75,8,21,29,147,223,370
ILOC50501803,9,12,21,21,25,46,7,22,29,6,19,25,7,31,38,10,18,28,12,9,21,27,23,50,20,17,37,119,176,295
ILOC50501804,18,24,42,35,28,63,34,43,77,22,37,59,28,43,71,17,30,47,13,17,30,58,60,118,26,41,67,251,323,574
ILOC50501901,15,9,24,4,17,21,6,5,11,4,24,28,6,13,19,11,10,21,4,10,14,26,22,48,7,11,18,83,121,204
ILOC50501902,37,25,62,29,42,71,20,40,60,10,37,47,13,30,43,11,20,31,16,15,31,41,28,69,31,25,56,208,262,470
ILOC50501903,3,3,6,6,8,14,3,6,9,4,7,11,0,4,4,0,3,3,0,3,3,10,4,14,8,3,11,34,41,75
ILOC50501904,9,13,22,10,10,20,12,9,21,7,8,15,14,7,21,3,11,14,5,4,9,19,16,35,11,102,113,90,180,270
ILOC50501905,13,9,22,11,11,22,12,18,30,4,24,28,8,22,30,12,27,39,12,7,19,46,22,68,11,8,19,129,148,277
ILOC50501906,3,3,6,4,6,10,11,6,17,3,7,10,3,13,16,3,3,6,3,3,6,6,9,15,8,5,13,44,55,99
ILOC50501907,8,0,8,11,5,16,4,4,8,0,10,10,0,7,7,8,6,14,3,5,8,4,5,9,0,6,6,38,48,86
ILOC50501908,14,10,24,6,10,16,23,20,43,16,19,35,8,18,26,10,15,25,10,4,14,19,13,32,17,30,47,123,139,262
ILOC50501909,9,10,19,11,4,15,6,8,14,3,14,17,5,13,18,12,4,16,3,5,8,24,20,44,9,4,13,82,82,164
ILOC50502001,64,43,107,48,52,100,54,49,103,21,57,78,24,75,99,22,38,60,25,21,46,104,51,155,24,40,64,386,426,812
ILOC50502101,33,31,64,20,36,56,32,44,76,10,40,50,12,47,59,9,29,38,13,18,31,67,46,113,22,26,48,218,317,535
ILOC50600101,3,0,3,5,5,10,8,3,11,3,0,3,0,3,3,3,0,3,3,3,6,116,28,144,11,10,21,152,52,204
ILOC50600102,5,4,9,9,12,21,43,48,91,7,18,25,10,11,21,7,3,10,0,0,0,0,3,3,19,20,39,100,119,219
ILOC50600103,0,0,0,11,8,19,3,9,12,3,0,3,0,0,0,0,0,0,0,0,0,0,0,0,51,59,110,68,76,144
ILOC50600104,0,0,0,3,4,7,8,13,21,6,3,9,0,0,0,0,0,0,0,0,0,0,0,0,8,5,13,25,25,50
ILOC50600105,5,6,11,4,3,7,5,10,15,0,4,4,0,0,0,0,5,5,0,3,3,5,4,9,9,11,20,28,46,74
ILOC50600106,19,16,35,7,8,15,20,18,38,5,9,14,8,19,27,6,14,20,7,15,22,101,50,151,10,19,29,183,168,351
ILOC50600107,5,6,11,12,14,26,10,15,25,0,0,0,0,0,0,0,0,0,0,0,0,0,0,0,5,0,5,32,35,67
ILOC50600108,3,5,8,6,5,11,20,24,44,9,5,14,0,3,3,0,0,0,0,0,0,3,0,3,0,0,0,41,42,83
ILOC50600109,0,0,0,11,5,16,19,18,37,7,10,17,0,11,11,0,3,3,3,3,6,5,0,5,0,4,4,45,54,99
ILOC50600110,10,3,13,17,18,35,17,24,41,4,5,9,0,3,3,3,0,3,0,3,3,0,0,0,3,0,3,54,56,110
ILOC50600201,11,20,31,10,10,20,16,15,31,5,9,14,4,8,12,4,5,9,4,5,9,99,27,126,13,3,16,166,102,268
ILOC50600202,7,0,7,3,11,14,12,9,21,9,15,24,10,8,18,0,6,6,3,4,7,13,7,20,3,3,6,60,63,123
ILOC50600203,0,10,10,3,0,3,0,3,3,0,0,0,0,3,3,0,3,3,0,3,3,41,11,52,3,3,6,47,36,83
ILOC50600204,13,16,29,3,12,15,3,3,6,5,0,5,4,10,14,0,8,8,0,10,10,47,26,73,12,6,18,87,91,178
ILOC50600301,38,41,79,14,15,29,18,26,44,8,33,41,14,24,38,5,14,19,12,10,22,160,83,243,24,31,55,293,277,570
ILOC50600401,0,0,0,6,3,9,9,7,16,4,5,9,4,5,9,0,0,0,0,0,0,4,0,4,8,15,23,35,35,70
ILOC50600402,0,4,4,0,0,0,3,4,7,3,3,6,3,3,6,0,0,0,3,3,6,26,11,37,3,0,3,41,28,69
ILOC50600403,5,13,18,0,4,4,0,7,7,6,5,11,3,6,9,6,0,6,0,3,3,47,20,67,19,4,23,86,62,148
ILOC50600404,70,67,137,28,57,85,43,53,96,54,100,154,20,58,78,18,42,60,18,29,47,244,115,359,96,102,198,591,623,1214
ILOC50600405,4,6,10,3,3,6,9,18,27,7,6,13,0,0,0,0,0,0,0,0,0,3,0,3,0,0,0,26,33,59
ILOC50600501,8,3,11,3,4,7,7,14,21,5,5,10,4,3,7,0,3,3,3,0,3,17,10,27,151,16,167,198,58,256
ILOC50600502,5,0,5,0,0,0,3,0,3,3,3,6,0,3,3,0,3,3,0,0,0,16,4,20,3,0,3,30,13,43
ILOC50600503,12,4,16,0,0,0,10,18,28,4,12,16,12,11,23,4,5,9,0,0,0,9,5,14,3,8,11,54,63,117
ILOC50600504,30,18,48,0,6,6,13,17,30,10,16,26,9,13,22,11,10,21,6,8,14,23,15,38,30,24,54,132,127,259
ILOC50600505,18,14,32,3,6,9,8,6,14,0,7,7,3,13,16,0,9,9,4,5,9,43,20,63,15,8,23,94,88,182
ILOC50700101,23,14,37,30,20,50,28,41,69,21,38,59,18,27,45,6,16,22,9,16,25,25,9,34,21,20,41,181,201,382
ILOC50700102,13,13,26,10,13,23,15,12,27,7,16,23,10,20,30,12,7,19,10,11,21,33,16,49,112,5,117,222,113,335
ILOC50700201,23,30,53,21,14,35,36,35,71,15,36,51,11,40,51,14,22,36,12,9,21,21,16,37,20,17,37,173,219,392
ILOC50700202,0,0,0,3,3,6,5,0,5,0,13,13,3,0,3,5,3,8,0,0,0,0,0,0,0,0,0,16,19,35
ILOC50700203,5,5,10,5,3,8,4,6,10,13,16,29,3,4,7,3,4,7,0,0,0,0,0,0,0,3,3,33,41,74
ILOC50700204,3,3,6,3,3,6,9,5,14,3,4,7,4,7,11,4,9,13,0,0,0,3,3,6,6,13,19,35,47,82
ILOC50700205,3,0,3,7,6,13,9,8,17,3,4,7,4,3,7,0,4,4,3,0,3,4,3,7,3,3,6,36,31,67
ILOC50700301,4,6,10,5,11,16,10,14,24,8,5,13,7,21,28,9,7,16,5,3,8,16,16,32,12,8,20,76,91,167
ILOC50700302,3,4,7,3,11,14,3,3,6,0,8,8,0,7,7,0,4,4,3,0,3,9,4,13,7,3,10,28,44,72
ILOC50700303,5,3,8,4,8,12,6,3,9,0,10,10,0,9,9,6,4,10,0,0,0,5,3,8,64,4,68,90,44,134
ILOC50700304,6,5,11,7,16,23,12,16,28,13,15,28,4,13,17,7,12,19,4,12,16,14,5,19,6,6,12,73,100,173
ILOC50700305,5,8,13,13,6,19,9,8,17,12,16,28,4,10,14,4,0,4,0,0,0,5,3,8,4,10,14,56,61,117
ILOC50700401,18,15,33,7,18,25,19,25,44,5,16,21,15,25,40,12,19,31,7,8,15,27,15,42,16,21,37,126,162,288
ILOC50700501,4,10,14,8,9,17,8,8,16,9,7,16,0,10,10,9,11,20,10,3,13,16,4,20,4,13,17,68,75,143
ILOC50700502,4,6,10,8,3,11,0,3,3,3,0,3,3,5,8,3,3,6,0,3,3,9,3,12,5,6,11,35,32,67
ILOC50700601,18,13,31,13,19,32,17,21,38,5,16,21,6,28,34,10,9,19,11,5,16,44,11,55,14,10,24,138,132,270
ILOC50700701,7,4,11,4,6,10,6,17,23,4,10,14,6,5,11,0,0,0,0,0,0,3,6,9,4,0,4,34,48,82
ILOC50700702,3,5,8,10,11,21,10,5,15,3,10,13,3,10,13,6,0,6,0,3,3,5,0,5,11,4,15,51,48,99
ILOC50700703,6,4,10,7,5,12,14,7,21,3,7,10,5,7,12,9,3,12,3,3,6,0,3,3,0,6,6,47,45,92
ILOC50700801,0,3,3,10,6,16,6,5,11,8,3,11,4,3,7,9,5,14,4,3,7,3,3,6,4,3,7,48,34,82
ILOC50700802,8,16,24,5,8,13,15,21,36,4,20,24,6,14,20,11,4,15,3,3,6,7,0,7,12,6,18,71,92,163
ILOC50700901,44,44,88,52,52,104,55,57,112,20,54,74,31,66,97,31,38,69,21,20,41,104,41,145,35,31,66,393,403,796
ILOC50701001,11,3,14,0,8,8,20,12,32,7,15,22,3,3,6,4,6,10,0,3,3,3,3,6,10,8,18,58,61,119
ILOC50701002,6,7,13,5,6,11,4,12,16,3,11,14,0,15,15,17,8,25,3,5,8,8,4,12,4,8,12,50,76,126
ILOC50701101,9,17,26,0,10,10,5,13,18,7,11,18,10,6,16,8,10,18,9,4,13,20,5,25,7,3,10,75,79,154
ILOC50701102,12,13,25,3,9,12,22,26,48,11,21,32,7,13,20,4,8,12,6,3,9,10,3,13,9,11,20,84,107,191
ILOC50701201,3,7,10,6,0,6,5,4,9,0,3,3,0,4,4,0,4,4,0,0,0,10,7,17,0,7,7,24,36,60
ILOC50701202,7,4,11,6,7,13,10,11,21,0,11,11,3,11,14,3,3,6,7,4,11,16,0,16,3,6,9,55,57,112
ILOC50701203,3,0,3,4,7,11,7,13,20,3,6,9,0,4,4,3,3,6,0,0,0,11,0,11,0,0,0,31,33,64
ILOC50701301,14,12,26,14,14,28,8,15,23,8,29,37,18,24,42,12,9,21,3,8,11,8,7,15,19,12,31,104,130,234
ILOC50701302,14,11,25,18,23,41,39,36,75,14,24,38,9,17,26,14,8,22,10,5,15,14,6,20,19,21,40,151,151,302
ILOC50701401,10,7,17,18,19,37,18,35,53,7,13,20,8,26,34,5,16,21,10,5,15,12,10,22,16,17,33,104,148,252
ILOC50701501,5,0,5,3,3,6,5,7,12,3,4,7,5,6,11,3,8,11,3,0,3,11,0,11,0,4,4,38,32,70
ILOC50701502,0,3,3,3,3,6,3,3,6,8,6,14,3,9,12,3,3,6,0,3,3,5,3,8,3,3,6,28,36,64
ILOC50701503,16,22,38,18,24,42,11,24,35,7,15,22,13,37,50,17,19,36,15,5,20,38,24,62,13,22,35,148,192,340
ILOC50701504,9,8,17,7,10,17,10,11,21,11,14,25,12,11,23,4,6,10,3,3,6,15,6,21,15,9,24,86,78,164
ILOC50701505,4,15,19,0,5,5,5,0,5,5,7,12,0,3,3,3,3,6,3,0,3,8,0,8,0,7,7,28,40,68
ILOC50800101,22,18,40,5,19,24,24,38,62,27,53,80,29,39,68,18,37,55,14,26,40,46,51,97,29,38,67,214,319,533
ILOC50800102,0,0,0,3,6,9,27,11,38,15,7,22,0,4,4,0,5,5,3,3,6,0,0,0,0,3,3,48,39,87
ILOC50800103,17,9,26,14,5,19,42,50,92,22,19,41,4,8,12,0,0,0,3,5,8,0,0,0,4,0,4,106,96,202
ILOC50800201,4,9,13,3,7,10,12,11,23,3,13,16,4,11,15,9,4,13,5,8,13,14,13,27,7,7,14,61,83,144
ILOC50800202,3,3,6,8,11,19,0,5,5,3,0,3,0,0,0,3,0,3,0,0,0,0,0,0,0,0,0,17,19,36
ILOC50800203,11,8,19,21,19,40,30,42,72,19,14,33,7,9,16,10,7,17,3,4,7,8,4,12,11,10,21,120,117,237
ILOC50800204,8,6,14,29,34,63,19,21,40,6,4,10,0,4,4,0,0,0,0,0,0,0,4,4,0,0,0,62,73,135
ILOC50800205,4,0,4,11,20,31,25,27,52,19,10,29,10,11,21,4,5,9,3,0,3,4,9,13,3,3,6,83,85,168
ILOC50800301,6,6,12,9,15,24,26,37,63,13,16,29,7,14,21,10,5,15,3,3,6,3,0,3,3,3,6,80,99,179
ILOC50800302,3,3,6,3,3,6,16,17,33,3,3,6,0,0,0,0,0,0,0,0,0,0,0,0,0,0,0,25,26,51
ILOC50800303,0,0,0,6,3,9,21,14,35,5,6,11,6,0,6,3,3,6,3,3,6,0,3,3,4,12,16,48,44,92
ILOC50800304,5,0,5,0,3,3,4,15,19,0,0,0,0,3,3,0,0,0,0,0,0,0,0,0,0,0,0,9,21,30
ILOC50800305,0,0,0,0,3,3,9,5,14,0,3,3,0,0,0,0,0,0,0,0,0,0,0,0,7,10,17,16,21,37
ILOC50800306,5,4,9,11,5,16,27,19,46,4,3,7,0,5,5,0,0,0,0,0,0,0,0,0,0,0,0,47,36,83
ILOC50800307,4,0,4,6,12,18,15,24,39,10,10,20,3,3,6,0,0,0,0,0,0,0,0,0,20,12,32,58,61,119
ILOC50800308,3,0,3,10,7,17,4,3,7,0,7,7,3,3,6,3,3,6,0,0,0,0,0,0,4,7,11,27,30,57
ILOC50800401,0,0,0,0,4,4,0,4,4,3,3,6,5,5,10,4,3,7,0,0,0,0,0,0,0,0,0,12,19,31
ILOC50800402,4,3,7,0,0,0,3,5,8,4,4,8,3,0,3,0,0,0,0,0,0,0,0,0,0,0,0,14,12,26
ILOC50800403,9,5,14,15,14,29,58,44,102,18,31,49,15,7,22,4,12,16,3,5,8,3,0,3,5,5,10,130,123,253
ILOC50800404,3,8,11,3,3,6,8,9,17,3,3,6,5,3,8,3,6,9,3,3,6,7,3,10,7,6,13,42,44,86
ILOC50800405,3,3,6,11,4,15,17,24,41,3,4,7,3,3,6,0,3,3,3,0,3,0,3,3,0,0,0,40,44,84
ILOC59499494,17,10,27,25,14,39,59,55,114,41,31,72,3,11,14,10,6,16,4,0,4,23,9,32,59,37,96,241,173,414
ILOC59799797,0,0,0,0,0,0,0,0,0,0,0,0,0,0,0,0,0,0,0,0,0,4,0,4,0,0,0,4,0,4
ILOC60100101,40,31,71,51,56,107,73,82,155,32,75,107,43,86,129,43,47,90,35,23,58,66,29,95,25,23,48,408,452,860
ILOC60100102,30,30,60,34,55,89,39,66,105,32,57,89,32,72,104,48,40,88,32,23,55,75,35,110,19,14,33,341,392,733
ILOC60100103,3,10,13,3,3,6,9,8,17,3,8,11,4,6,10,7,3,10,3,0,3,6,7,13,7,0,7,45,45,90
ILOC60100201,3,3,6,9,9,18,3,9,12,5,5,10,3,0,3,3,0,3,0,0,0,4,0,4,3,3,6,33,29,62
ILOC60100202,0,3,3,0,3,3,7,13,20,0,16,16,4,0,4,4,3,7,4,0,4,3,0,3,3,0,3,25,38,63
ILOC60100203,9,10,19,13,17,30,18,28,46,13,21,34,10,22,32,11,18,29,12,3,15,10,8,18,18,15,33,114,142,256
ILOC60100204,4,3,7,9,11,20,10,7,17,6,13,19,10,11,21,10,9,19,4,0,4,9,6,15,5,5,10,67,65,132
ILOC60100205,5,7,12,6,10,16,15,15,30,9,6,15,13,16,29,13,9,22,6,3,9,10,8,18,9,9,18,86,83,169
ILOC60100301,22,24,46,31,32,63,57,80,137,38,66,104,40,79,119,34,46,80,30,15,45,24,15,39,18,23,41,294,380,674
ILOC60100302,34,34,68,57,57,114,61,54,115,44,69,113,36,82,118,54,61,115,54,35,89,81,63,144,74,33,107,495,488,983
ILOC60100303,40,34,74,53,65,118,108,103,211,71,106,177,67,135,202,94,78,172,49,49,98,79,52,131,26,30,56,587,652,1239
ILOC60100304,18,13,31,18,30,48,28,29,57,26,33,59,21,32,53,23,28,51,10,17,27,60,48,108,9,8,17,213,238,451
ILOC60100401,6,9,15,3,9,12,6,10,16,6,12,18,11,18,29,7,13,20,6,3,9,10,4,14,0,7,7,55,85,140
ILOC60100402,0,4,4,0,9,9,3,5,8,3,7,10,3,3,6,0,3,3,3,0,3,5,0,5,0,3,3,17,34,51
ILOC60100403,30,27,57,28,37,65,49,58,107,40,54,94,32,67,99,60,35,95,26,19,45,65,22,87,13,12,25,343,331,674
ILOC60100501,31,25,56,28,38,66,35,37,72,27,48,75,30,69,99,47,39,86,34,33,67,83,52,135,14,16,30,329,357,686
ILOC60100601,52,50,102,54,62,116,111,123,234,56,133,189,70,128,198,76,57,133,56,28,84,78,43,121,40,36,76,593,660,1253
ILOC60100701,5,6,11,6,15,21,7,16,23,6,3,9,7,9,16,10,18,28,8,3,11,11,6,17,0,0,0,60,76,136
ILOC60100702,7,8,15,4,7,11,10,15,25,15,13,28,10,17,27,4,8,12,4,12,16,18,5,23,8,4,12,80,89,169
ILOC60100703,10,9,19,6,10,16,6,16,22,6,10,16,11,22,33,8,4,12,11,3,14,10,3,13,0,6,6,68,83,151
ILOC60100801,3,13,16,9,10,19,15,11,26,11,11,22,6,8,14,3,12,15,5,4,9,4,3,7,6,0,6,62,72,134
ILOC60100802,4,4,8,9,9,18,10,13,23,6,20,26,6,18,24,8,4,12,10,3,13,5,0,5,0,4,4,58,75,133
ILOC60100803,3,6,9,0,5,5,8,11,19,9,9,18,12,6,18,8,7,15,7,4,11,0,3,3,3,0,3,50,51,101
ILOC60100804,7,8,15,5,8,13,16,20,36,7,16,23,7,8,15,3,9,12,8,7,15,6,3,9,3,3,6,62,82,144
ILOC60100901,6,5,11,5,10,15,10,7,17,11,5,16,10,14,24,12,8,20,3,3,6,4,0,4,4,3,7,65,55,120
ILOC60100902,17,17,34,21,8,29,26,32,58,17,20,37,17,33,50,20,20,40,7,9,16,20,18,38,12,6,18,157,163,320
ILOC60100903,0,3,3,5,0,5,12,15,27,6,7,13,4,6,10,5,4,9,3,3,6,6,0,6,3,0,3,44,38,82
ILOC60101001,20,29,49,45,35,80,50,45,95,38,64,102,38,94,132,46,47,93,23,8,31,58,27,85,10,12,22,328,361,689
ILOC60101002,27,34,61,25,53,78,31,40,71,37,39,76,33,63,96,53,34,87,38,12,50,51,28,79,12,11,23,307,314,621
ILOC60101003,8,5,13,3,8,11,5,11,16,9,6,15,9,11,20,6,11,17,4,4,8,12,9,21,4,0,4,60,65,125
ILOC60101004,9,18,27,22,30,52,27,35,62,28,32,60,20,48,68,31,28,59,13,10,23,39,18,57,10,7,17,199,226,425
ILOC60101005,4,12,16,8,10,18,13,14,27,10,9,19,6,20,26,11,9,20,10,6,16,40,9,49,7,7,14,109,96,205
ILOC60101101,7,6,13,12,19,31,23,24,47,21,18,39,13,27,40,22,18,40,21,7,28,29,7,36,6,3,9,154,129,283
ILOC60101102,13,13,26,19,19,38,17,26,43,9,20,29,8,20,28,11,20,31,11,12,23,30,13,43,8,7,15,126,150,276
ILOC69499494,3,0,3,5,0,5,22,8,30,5,0,5,5,5,10,0,0,0,0,0,0,4,3,7,3,0,3,47,16,63
ILOC69799797,0,0,0,0,0,0,0,0,0,0,0,0,0,0,0,0,0,0,0,0,0,0,0,0,3,0,3,3,0,3
ILOC70100101,21,21,42,11,10,21,40,45,85,7,30,37,15,23,38,16,19,35,16,17,33,37,43,80,45,45,90,208,253,461
ILOC70100102,23,25,48,21,21,42,33,27,60,10,32,42,11,22,33,18,31,49,9,16,25,44,49,93,24,32,56,193,255,448
ILOC70100103,3,9,12,3,0,3,0,3,3,16,26,42,5,0,5,4,8,12,4,0,4,12,6,18,17,45,62,64,97,161
ILOC70100104,3,4,7,3,0,3,0,0,0,0,0,0,3,0,3,0,0,0,0,4,4,3,0,3,0,0,0,12,8,20
ILOC70100105,22,20,42,18,15,33,33,49,82,19,43,62,21,38,59,10,24,34,18,26,44,46,45,91,69,82,151,256,342,598
ILOC70100106,3,7,10,7,11,18,25,18,43,30,25,55,8,9,17,13,23,36,6,7,13,13,25,38,14,14,28,119,139,258
ILOC70100107,31,23,54,10,28,38,23,35,58,15,23,38,27,32,59,26,30,56,25,17,42,55,58,113,21,31,52,233,277,510
ILOC70100108,0,5,5,14,18,32,0,0,0,0,0,0,0,0,0,0,0,0,0,0,0,0,3,3,3,0,3,17,26,43
ILOC70100201,12,0,12,3,4,7,8,21,29,5,4,9,3,0,3,0,0,0,0,0,0,0,3,3,0,0,0,31,32,63
ILOC70100202,3,0,3,26,23,49,11,24,35,3,3,6,0,6,6,4,0,4,3,0,3,0,4,4,3,14,17,53,74,127
ILOC70100203,3,9,12,20,28,48,18,33,51,3,9,12,3,3,6,3,0,3,3,3,6,3,0,3,5,0,5,61,85,146
ILOC70100204,6,3,9,9,15,24,21,12,33,12,21,33,3,9,12,0,3,3,0,0,0,0,3,3,0,0,0,51,66,117
ILOC70100205,5,3,8,0,6,6,6,3,9,4,6,10,0,0,0,0,0,0,0,0,0,0,0,0,0,0,0,15,18,33
ILOC70100206,3,0,3,3,4,7,20,26,46,6,12,18,3,3,6,0,0,0,0,0,0,3,0,3,3,4,7,41,49,90
ILOC70100207,4,0,4,3,3,6,4,3,7,0,5,5,4,0,4,0,0,0,0,0,0,0,0,0,10,19,29,25,30,55
ILOC70200101,4,6,10,25,26,51,25,36,61,9,10,19,5,9,14,0,0,0,5,0,5,0,4,4,14,9,23,87,100,187
ILOC70200102,24,14,38,25,29,54,57,56,113,6,25,31,8,17,25,10,0,10,3,5,8,0,0,0,23,19,42,156,165,321
ILOC70200103,16,13,29,5,8,13,28,19,47,19,24,43,4,14,18,9,13,22,6,7,13,3,8,11,498,34,532,588,140,728
ILOC70200104,3,3,6,15,20,35,12,24,36,7,14,21,6,6,12,6,3,9,0,0,0,4,0,4,6,7,13,59,77,136
ILOC70200201,4,4,8,50,54,104,20,24,44,4,5,9,3,3,6,3,3,6,0,0,0,3,0,3,34,26,60,121,119,240
ILOC70200301,0,3,3,18,20,38,3,5,8,3,3,6,3,3,6,0,0,0,0,3,3,0,0,0,8,7,15,35,44,79
ILOC70200302,0,4,4,6,0,6,7,3,10,3,6,9,0,3,3,0,3,3,0,3,3,3,5,8,0,0,0,19,27,46
ILOC70200303,10,3,13,3,11,14,51,41,92,6,21,27,0,10,10,3,3,6,0,0,0,0,0,0,4,3,7,77,92,169
ILOC70200304,5,0,5,12,11,23,7,10,17,0,6,6,0,0,0,0,0,0,0,0,0,0,0,0,5,6,11,29,33,62
ILOC70200305,3,0,3,14,8,22,24,31,55,6,15,21,5,4,9,3,5,8,0,0,0,0,0,0,6,0,6,61,63,124
ILOC70200306,0,3,3,14,10,24,9,8,17,3,6,9,0,5,5,3,3,6,0,0,0,3,0,3,7,8,15,39,43,82
ILOC70200401,0,3,3,6,5,11,14,14,28,9,13,22,3,5,8,3,3,6,3,3,6,3,0,3,4,6,10,45,52,97
ILOC70200402,0,0,0,0,0,0,0,0,0,0,0,0,0,0,0,0,0,0,0,0,0,0,0,0,0,0,0,0,0,0
ILOC70200501,4,6,10,15,6,21,18,32,50,3,3,6,3,3,6,4,0,4,3,3,6,0,0,0,3,4,7,53,57,110
ILOC70200502,3,0,3,10,4,14,10,25,35,0,0,0,3,0,3,3,0,3,0,0,0,0,0,0,9,6,15,38,35,73
ILOC70200503,0,3,3,15,11,26,16,33,49,0,0,0,5,0,5,4,0,4,0,0,0,0,0,0,3,8,11,43,55,98
ILOC70200601,3,0,3,23,19,42,7,10,17,6,0,6,4,11,15,0,3,3,0,0,0,5,0,5,0,4,4,48,47,95
ILOC70200602,4,0,4,12,13,25,23,27,50,4,11,15,3,3,6,0,0,0,0,0,0,0,0,0,9,6,15,55,60,115
ILOC70200701,9,4,13,50,61,111,35,53,88,12,18,30,11,26,37,14,12,26,3,5,8,6,4,10,9,14,23,149,197,346
ILOC70200801,4,5,9,45,60,105,3,5,8,6,4,10,6,0,6,0,0,0,0,0,0,0,0,0,22,36,58,86,110,196
ILOC70200802,3,4,7,0,4,4,7,8,15,0,9,9,4,0,4,0,0,0,3,0,3,0,0,0,5,4,9,22,29,51
ILOC70200901,3,0,3,12,12,24,23,26,49,9,6,15,4,4,8,3,4,7,6,3,9,0,0,0,9,3,12,69,58,127
ILOC70200902,10,16,26,34,28,62,4,13,17,5,0,5,3,8,11,5,0,5,3,6,9,5,0,5,23,23,46,92,94,186
ILOC70201001,3,0,3,7,10,17,26,45,71,0,0,0,0,0,0,0,0,0,4,0,4,0,0,0,9,18,27,49,73,122
ILOC70201002,0,4,4,0,0,0,3,3,6,0,0,0,0,0,0,0,0,0,0,0,0,10,4,14,0,0,0,13,11,24
ILOC70201101,3,3,6,28,41,69,20,35,55,11,4,15,3,3,6,3,3,6,0,0,0,0,0,0,44,65,109,112,154,266
ILOC70201102,0,0,0,0,6,6,17,17,34,4,0,4,0,0,0,0,0,0,0,0,0,0,0,0,6,4,10,27,27,54
ILOC70201201,0,0,0,0,0,0,6,6,12,0,3,3,0,0,0,0,0,0,0,0,0,0,0,0,3,0,3,9,9,18
ILOC70201202,3,0,3,6,17,23,9,8,17,0,0,0,0,0,0,0,0,0,0,0,0,0,0,0,4,5,9,22,30,52
ILOC70201203,3,3,6,17,16,33,0,6,6,0,4,4,0,0,0,0,3,3,0,0,0,0,0,0,3,0,3,23,32,55
ILOC70201204,3,3,6,67,91,158,22,44,66,6,10,16,7,4,11,7,5,12,0,0,0,3,0,3,27,20,47,142,177,319
ILOC70201301,5,8,13,66,85,151,4,19,23,3,12,15,14,16,30,3,0,3,0,0,0,0,0,0,15,25,40,110,165,275
ILOC70201302,0,0,0,0,0,0,0,0,0,0,0,0,0,0,0,0,0,0,0,0,0,0,0,0,0,0,0,0,0,0
ILOC70201401,4,5,9,49,51,100,11,26,37,4,5,9,0,7,7,0,0,0,0,0,0,0,0,0,0,4,4,68,98,166
ILOC70201402,4,0,4,0,4,4,10,9,19,9,0,9,3,4,7,0,3,3,0,0,0,0,3,3,0,0,0,26,23,49
ILOC70201403,9,5,14,11,11,22,30,37,67,4,7,11,3,3,6,4,0,4,0,0,0,0,3,3,9,11,20,70,77,147
ILOC70201404,3,0,3,0,6,6,4,12,16,3,3,6,3,0,3,0,0,0,0,3,3,0,3,3,0,0,0,13,27,40
ILOC70201501,3,3,6,4,13,17,24,36,60,6,0,6,4,7,11,3,0,3,0,0,0,0,0,0,10,19,29,54,78,132
ILOC70201601,6,6,12,20,17,37,16,24,40,5,3,8,3,3,6,0,0,0,3,0,3,0,3,3,3,11,14,56,67,123
ILOC70201701,10,7,17,22,41,63,87,107,194,3,20,23,19,15,34,9,8,17,4,6,10,0,0,0,24,23,47,178,227,405
ILOC70300101,7,6,13,3,5,8,6,6,12,4,5,9,3,14,17,3,3,6,8,0,8,16,24,40,12,3,15,62,66,128
ILOC70300102,3,7,10,0,5,5,7,3,10,5,5,10,6,0,6,4,5,9,3,4,7,15,10,25,9,0,9,52,39,91
ILOC70300201,7,9,16,7,8,15,7,9,16,7,13,20,8,9,17,16,9,25,9,13,22,23,34,57,3,4,7,87,108,195
ILOC70300202,7,6,13,14,11,25,4,4,8,0,10,10,5,10,15,8,10,18,6,14,20,26,20,46,0,5,5,70,90,160
ILOC70300301,13,7,20,11,14,25,26,36,62,6,16,22,0,4,4,0,0,0,0,0,0,3,0,3,6,0,6,65,77,142
ILOC70300302,3,11,14,6,8,14,8,17,25,3,17,20,4,9,13,8,9,17,12,7,19,16,21,37,13,9,22,73,108,181
ILOC70300303,5,0,5,3,3,6,0,7,7,4,3,7,0,0,0,0,0,0,0,0,0,0,3,3,0,0,0,12,16,28
ILOC70300304,6,6,12,6,7,13,23,24,47,3,11,14,0,0,0,0,3,3,3,0,3,3,3,6,4,3,7,48,57,105
ILOC70300401,5,3,8,6,3,9,8,15,23,3,9,12,3,7,10,4,7,11,3,0,3,5,5,10,8,4,12,45,53,98
ILOC70300402,0,6,6,0,3,3,5,0,5,0,12,12,0,4,4,7,3,10,3,4,7,7,6,13,3,0,3,25,38,63
ILOC70300403,0,7,7,7,0,7,32,19,51,14,20,34,3,11,14,0,0,0,0,0,0,0,0,0,6,0,6,62,57,119
ILOC70300404,6,4,10,3,6,9,4,12,16,5,5,10,3,3,6,4,0,4,0,0,0,9,0,9,10,13,23,44,43,87
ILOC70300501,3,3,6,5,14,19,20,23,43,22,16,38,13,6,19,6,10,16,8,6,14,13,11,24,9,4,13,99,93,192
ILOC70300502,4,9,13,10,11,21,19,30,49,21,26,47,3,7,10,9,7,16,6,8,14,20,20,40,28,19,47,120,137,257
ILOC70300503,36,17,53,5,8,13,7,0,7,0,4,4,7,0,7,3,5,8,8,9,17,11,16,27,11,11,22,88,70,158
ILOC70300504,4,0,4,0,0,0,10,6,16,10,0,10,10,8,18,8,4,12,5,12,17,29,22,51,12,12,24,88,64,152
ILOC70300601,37,26,63,17,15,32,14,26,40,13,17,30,14,32,46,12,30,42,14,26,40,50,54,104,20,29,49,191,255,446
ILOC70300701,3,3,6,0,0,0,6,11,17,5,4,9,0,0,0,10,0,10,0,0,0,4,6,10,5,0,5,33,24,57
ILOC70300702,7,5,12,3,3,6,4,3,7,4,0,4,3,8,11,5,8,13,6,5,11,10,15,25,0,3,3,42,50,92
ILOC70300703,3,3,6,3,6,9,10,3,13,4,7,11,3,7,10,3,3,6,6,5,11,10,4,14,3,3,6,45,41,86
ILOC70300704,10,7,17,3,3,6,7,11,18,13,7,20,6,9,15,9,9,18,13,9,22,32,27,59,8,5,13,101,87,188
ILOC70300705,23,19,42,6,16,22,19,17,36,11,12,23,19,19,38,18,20,38,18,22,40,61,43,104,12,15,27,187,183,370
ILOC70300706,0,0,0,9,9,18,10,20,30,5,6,11,0,0,0,0,0,0,0,0,0,3,0,3,5,0,5,32,35,67
ILOC70300801,18,13,31,10,19,29,8,28,36,12,27,39,11,30,41,13,15,28,17,16,33,20,37,57,14,12,26,123,197,320
ILOC70300901,34,31,65,6,7,13,23,29,52,13,15,28,9,14,23,12,13,25,10,11,21,28,16,44,490,32,522,625,168,793
ILOC70301001,15,5,20,7,8,15,6,3,9,0,7,7,4,5,9,5,6,11,7,5,12,15,16,31,9,9,18,68,64,132
ILOC70301002,5,7,12,8,4,12,7,8,15,11,13,24,7,6,13,15,6,21,7,15,22,22,23,45,7,7,14,89,89,178
ILOC70301101,13,3,16,4,5,9,5,5,10,3,12,15,0,15,15,5,5,10,6,10,16,13,9,22,12,18,30,61,82,143
ILOC70301102,8,4,12,4,3,7,3,4,7,3,3,6,9,6,15,0,7,7,4,7,11,13,4,17,5,8,13,49,46,95
ILOC70301103,5,6,11,0,5,5,0,5,5,0,7,7,3,5,8,9,4,13,0,6,6,13,11,24,6,6,12,36,55,91
ILOC70301201,5,6,11,8,0,8,3,6,9,9,14,23,8,7,15,3,8,11,7,4,11,15,17,32,6,8,14,64,70,134
ILOC70301202,5,0,5,3,4,7,3,8,11,14,14,28,7,12,19,4,7,11,13,4,17,16,10,26,3,4,7,68,63,131
ILOC70301301,21,22,43,11,14,25,7,7,14,10,10,20,9,23,32,12,40,52,31,29,60,98,73,171,10,8,18,209,226,435
ILOC70301302,8,13,21,5,3,8,6,19,25,3,6,9,6,7,13,8,10,18,9,12,21,26,15,41,6,10,16,77,95,172
ILOC70301303,8,17,25,10,7,17,9,17,26,10,8,18,3,8,11,7,6,13,6,14,20,44,22,66,11,20,31,108,119,227
ILOC70301304,29,14,43,14,19,33,27,25,52,16,27,43,15,32,47,13,13,26,14,14,28,20,27,47,6,11,17,154,182,336
ILOC70301305,29,20,49,14,17,31,12,34,46,12,30,42,16,29,45,17,22,39,10,23,33,34,46,80,13,9,22,157,230,387
ILOC70301306,0,0,0,4,9,13,11,14,25,3,12,15,3,0,3,0,0,0,0,0,0,0,3,3,0,0,0,21,38,59
ILOC70301307,16,15,31,7,16,23,7,12,19,13,16,29,7,17,24,12,11,23,7,10,17,33,37,70,8,8,16,110,142,252
ILOC70301401,11,12,23,8,10,18,10,12,22,14,14,28,3,13,16,12,11,23,13,12,25,34,42,76,5,7,12,110,133,243
ILOC70301402,16,14,30,0,5,5,5,5,10,16,20,36,4,9,13,7,6,13,5,10,15,13,14,27,8,9,17,74,92,166
ILOC70400101,11,3,14,10,11,21,4,12,16,3,3,6,5,4,9,4,3,7,5,0,5,5,4,9,3,4,7,50,44,94
ILOC70400102,9,3,12,4,8,12,8,8,16,0,3,3,4,4,8,0,3,3,0,0,0,0,0,0,0,0,0,25,29,54
ILOC70400103,31,15,46,5,21,26,24,41,65,11,19,30,9,23,32,12,11,23,7,4,11,11,6,17,4,6,10,114,146,260
ILOC70400104,8,15,23,45,28,73,10,36,46,3,23,26,11,11,22,3,0,3,8,0,8,3,0,3,3,0,3,94,113,207
ILOC70400105,4,7,11,7,8,15,14,18,32,3,3,6,7,7,14,3,0,3,0,0,0,5,4,9,6,5,11,49,52,101
ILOC70400106,0,0,0,7,11,18,10,14,24,4,7,11,0,5,5,3,6,9,3,0,3,11,3,14,0,3,3,38,49,87
ILOC70400201,12,11,23,9,7,16,9,8,17,4,4,8,6,6,12,5,7,12,3,5,8,32,17,49,3,3,6,83,68,151
ILOC70400202,0,9,9,20,13,33,4,22,26,5,11,16,3,12,15,6,0,6,8,3,11,15,11,26,8,5,13,69,86,155
ILOC70400203,0,0,0,4,3,7,6,6,12,0,3,3,3,3,6,4,0,4,3,0,3,0,0,0,0,3,3,20,18,38
ILOC70400301,41,29,70,106,97,203,245,297,542,39,95,134,112,84,196,42,35,77,18,11,29,20,6,26,49,48,97,672,702,1374
ILOC70400302,4,3,7,4,9,13,43,36,79,3,11,14,28,14,42,10,3,13,0,3,3,3,3,6,0,0,0,95,82,177
ILOC70400401,0,4,4,0,5,5,14,4,18,7,16,23,5,5,10,5,6,11,0,0,0,3,0,3,0,0,0,34,40,74
ILOC70400402,41,17,58,86,109,195,99,106,205,19,41,60,36,24,60,32,12,44,4,4,8,5,3,8,27,37,64,349,353,702
ILOC70400403,0,0,0,0,0,0,6,10,16,5,7,12,3,3,6,0,3,3,0,0,0,0,0,0,0,0,0,14,23,37
ILOC70400404,3,0,3,3,0,3,7,12,19,5,8,13,0,4,4,3,0,3,0,0,0,0,0,0,0,0,0,21,24,45
ILOC70400405,3,0,3,3,5,8,49,21,70,15,29,44,3,13,16,8,7,15,6,0,6,3,4,7,3,3,6,93,82,175
ILOC70400406,9,9,18,6,4,10,58,29,87,19,36,55,10,25,35,8,4,12,8,5,13,0,4,4,3,3,6,121,119,240
ILOC70400501,9,11,20,31,21,52,11,17,28,3,5,8,0,3,3,0,3,3,0,0,0,0,0,0,3,3,6,57,63,120
ILOC70400502,98,62,160,223,280,503,81,132,213,29,37,66,71,57,128,26,17,43,3,6,9,4,9,13,13,16,29,548,616,1164
ILOC70400601,16,3,19,38,37,75,38,47,85,18,21,39,4,6,10,12,3,15,7,4,11,0,7,7,4,3,7,137,131,268
ILOC70400602,11,6,17,26,31,57,38,48,86,9,6,15,6,10,16,9,10,19,6,6,12,3,4,7,3,7,10,111,128,239
ILOC70400603,21,8,29,9,9,18,13,20,33,4,4,8,3,0,3,3,0,3,0,0,0,0,5,5,3,0,3,56,46,102
ILOC70400604,42,35,77,138,147,285,165,196,361,33,31,64,22,33,55,22,24,46,8,5,13,12,7,19,10,13,23,452,491,943
ILOC70500101,8,4,12,5,12,17,14,12,26,5,3,8,4,13,17,13,6,19,4,0,4,9,7,16,52,70,122,114,127,241
ILOC70500102,9,4,13,9,9,18,15,20,35,8,11,19,8,10,18,7,3,10,0,3,3,0,3,3,0,0,0,56,63,119
ILOC70500103,3,11,14,8,10,18,20,26,46,6,8,14,16,6,22,4,0,4,0,0,0,0,0,0,3,0,3,60,61,121
ILOC70500201,5,0,5,16,24,40,16,15,31,4,7,11,3,5,8,4,3,7,0,0,0,0,0,0,3,6,9,51,60,111
ILOC70500202,8,5,13,12,14,26,31,41,72,4,19,23,3,3,6,8,12,20,3,5,8,3,0,3,9,13,22,81,112,193
ILOC70500301,12,0,12,29,20,49,37,32,69,4,16,20,3,4,7,9,9,18,3,3,6,3,8,11,0,0,0,100,92,192
ILOC70500302,3,3,6,19,21,40,28,35,63,6,9,15,7,7,14,4,9,13,0,0,0,0,5,5,9,12,21,76,101,177
ILOC70500303,0,0,0,0,3,3,3,8,11,0,3,3,3,0,3,3,0,3,3,0,3,3,0,3,0,0,0,15,14,29
ILOC70500304,0,5,5,11,11,22,40,38,78,3,17,20,7,3,10,3,5,8,0,0,0,0,0,0,3,5,8,67,84,151
ILOC70500305,3,0,3,14,17,31,3,11,14,4,4,8,0,3,3,6,3,9,0,0,0,0,0,0,3,3,6,33,41,74
ILOC70500306,0,0,0,3,3,6,3,3,6,0,0,0,3,0,3,3,3,6,0,0,0,3,3,6,20,27,47,35,39,74
ILOC70500307,12,7,19,88,65,153,38,47,85,12,14,26,12,12,24,12,10,22,0,5,5,3,0,3,3,0,3,180,160,340
ILOC70500401,3,5,8,11,16,27,29,19,48,5,4,9,8,7,15,12,3,15,0,0,0,4,4,8,37,25,62,109,83,192
ILOC70500402,9,11,20,16,21,37,47,45,92,10,17,27,12,12,24,18,18,36,0,0,0,0,0,0,3,6,9,115,130,245
ILOC70500403,3,0,3,3,3,6,13,5,18,0,9,9,0,3,3,3,3,6,0,0,0,0,0,0,0,0,0,22,23,45
ILOC70500404,6,6,12,3,0,3,35,32,67,3,8,11,7,12,19,9,7,16,0,0,0,4,0,4,0,5,5,67,70,137
ILOC70500405,0,0,0,0,0,0,0,0,0,0,0,0,0,3,3,0,3,3,0,0,0,0,0,0,10,5,15,10,11,21
ILOC70500501,4,3,7,16,19,35,39,34,73,5,14,19,3,0,3,0,3,3,4,0,4,0,0,0,0,3,3,71,76,147
ILOC70500502,45,47,92,35,40,75,67,98,165,53,85,138,49,71,120,42,52,94,37,47,84,88,105,193,71,76,147,487,621,1108
ILOC70500503,5,6,11,18,15,33,70,73,143,16,13,29,3,3,6,0,0,0,0,3,3,5,0,5,5,5,10,122,118,240
ILOC70500504,3,0,3,4,4,8,21,31,52,0,3,3,0,4,4,0,0,0,0,0,0,0,0,0,4,0,4,32,42,74
ILOC70500601,3,7,10,46,61,107,33,53,86,9,18,27,5,6,11,16,13,29,4,5,9,6,0,6,23,32,55,145,195,340
ILOC70500701,36,26,62,42,28,70,129,119,248,37,71,108,18,28,46,18,31,49,4,9,13,7,4,11,13,5,18,304,321,625
ILOC70500801,0,0,0,0,0,0,18,20,38,0,0,0,6,0,6,3,0,3,0,0,0,0,0,0,4,0,4,31,20,51
ILOC70500802,4,0,4,5,6,11,7,13,20,0,5,5,3,6,9,6,0,6,0,4,4,0,0,0,3,13,16,28,47,75
ILOC70500803,0,0,0,0,0,0,0,0,0,0,0,0,4,5,9,7,0,7,0,0,0,0,0,0,0,0,0,11,5,16
ILOC70500804,4,0,4,5,0,5,11,22,33,4,9,13,3,3,6,8,3,11,3,0,3,4,3,7,7,3,10,49,43,92
ILOC70500805,3,3,6,0,8,8,15,9,24,0,0,0,5,0,5,3,0,3,0,0,0,0,0,0,3,0,3,29,20,49
ILOC70500901,7,0,7,0,0,0,14,5,19,0,13,13,5,10,15,0,4,4,0,0,0,0,0,0,0,0,0,26,32,58
ILOC70500902,0,0,0,0,0,0,12,9,21,0,3,3,0,4,4,0,0,0,0,0,0,0,0,0,0,0,0,12,16,28
ILOC70500903,9,8,17,5,8,13,32,28,60,8,25,33,0,6,6,13,12,25,0,0,0,0,0,0,6,0,6,73,87,160
ILOC70600101,0,3,3,0,0,0,3,0,3,0,3,3,0,0,0,0,4,4,3,3,6,13,13,26,3,3,6,22,29,51
ILOC70600102,25,22,47,44,85,129,27,46,73,31,39,70,15,26,41,42,24,66,15,8,23,26,11,37,23,17,40,248,278,526
ILOC70600103,3,5,8,7,9,16,6,4,10,3,6,9,0,0,0,7,3,10,3,0,3,3,0,3,3,3,6,35,30,65
ILOC70600104,3,3,6,15,10,25,17,22,39,17,11,28,4,0,4,3,8,11,0,0,0,0,0,0,0,3,3,59,57,116
ILOC70600105,3,0,3,0,7,7,97,107,204,10,28,38,3,0,3,3,5,8,8,3,11,11,7,18,3,6,9,138,163,301
ILOC70600201,31,17,48,89,64,153,116,125,241,19,37,56,13,13,26,3,3,6,4,0,4,4,0,4,14,18,32,293,277,570
ILOC70600202,8,7,15,30,24,54,5,26,31,0,7,7,0,0,0,3,0,3,0,0,0,0,0,0,4,6,10,50,70,120
ILOC70600301,3,3,6,6,5,11,11,18,29,3,7,10,4,7,11,3,0,3,0,0,0,0,0,0,5,3,8,35,43,78
ILOC70600302,0,0,0,5,0,5,11,13,24,4,5,9,3,6,9,0,0,0,0,0,0,0,0,0,0,0,0,23,24,47
ILOC70600303,0,0,0,0,0,0,0,3,3,0,0,0,0,0,0,0,0,0,0,0,0,0,0,0,0,0,0,0,3,3
ILOC70600304,5,0,5,10,6,16,41,32,73,21,30,51,10,16,26,3,4,7,0,0,0,3,0,3,11,8,19,104,96,200
ILOC70600305,0,0,0,4,5,9,22,19,41,4,5,9,0,5,5,8,4,12,0,0,0,0,0,0,3,3,6,41,41,82
ILOC70600401,67,50,117,90,120,210,212,209,421,52,86,138,53,58,111,35,35,70,13,14,27,3,15,18,28,25,53,553,612,1165
ILOC70600402,3,3,6,40,41,81,44,38,82,13,13,26,3,7,10,4,4,8,0,3,3,0,0,0,9,9,18,116,118,234
ILOC70600501,5,4,9,9,18,27,15,17,32,8,10,18,6,0,6,3,0,3,0,0,0,0,0,0,4,4,8,50,53,103
ILOC70600502,3,7,10,12,21,33,11,15,26,5,14,19,13,14,27,5,13,18,5,10,15,37,28,65,9,15,24,100,137,237
ILOC70600601,19,9,28,72,72,144,44,57,101,19,22,41,12,16,28,9,13,22,0,0,0,9,6,15,28,22,50,212,217,429
ILOC70600701,16,22,38,43,47,90,211,161,372,40,71,111,11,31,42,5,16,21,0,0,0,0,0,0,3,3,6,329,351,680
ILOC70600702,25,22,47,151,151,302,43,47,90,15,38,53,9,26,35,3,0,3,0,0,0,3,3,6,0,3,3,249,290,539
ILOC70600703,3,3,6,17,15,32,40,42,82,4,16,20,3,7,10,3,0,3,0,0,0,0,0,0,0,0,0,70,83,153
ILOC70600801,37,22,59,5,11,16,40,37,77,25,42,67,52,49,101,24,22,46,7,3,10,3,4,7,56,56,112,249,246,495
ILOC70700101,9,10,19,26,29,55,56,90,146,18,20,38,3,7,10,0,4,4,0,3,3,3,3,6,13,19,32,128,185,313
ILOC70700201,5,3,8,5,11,16,106,101,207,15,21,36,3,6,9,3,4,7,0,0,0,0,0,0,5,0,5,142,146,288
ILOC70700301,4,0,4,8,5,13,17,9,26,0,5,5,3,5,8,3,4,7,3,0,3,0,0,0,8,0,8,46,28,74
ILOC70700302,3,3,6,7,0,7,6,6,12,0,0,0,0,0,0,3,0,3,0,0,0,0,0,0,8,7,15,27,16,43
ILOC70700303,3,3,6,6,9,15,5,3,8,4,5,9,0,3,3,3,3,6,0,0,0,0,3,3,0,0,0,21,29,50
ILOC70700304,4,6,10,10,11,21,37,30,67,7,9,16,5,4,9,6,0,6,0,0,0,0,3,3,5,4,9,74,67,141
ILOC70700305,3,0,3,3,0,3,10,6,16,3,4,7,0,0,0,0,3,3,0,0,0,0,0,0,3,0,3,22,13,35
ILOC70700401,4,8,12,0,4,4,11,8,19,5,10,15,4,0,4,0,4,4,3,0,3,0,0,0,61,66,127,88,100,188
ILOC70700501,0,0,0,3,0,3,3,4,7,0,0,0,0,0,0,0,0,0,0,0,0,0,0,0,3,3,6,9,7,16
ILOC70700502,3,3,6,4,10,14,8,4,12,3,3,6,0,0,0,0,0,0,0,3,3,0,0,0,24,25,49,42,48,90
ILOC70700503,10,7,17,12,14,26,33,35,68,25,26,51,3,9,12,3,5,8,0,0,0,0,0,0,38,53,91,124,149,273
ILOC70700504,48,49,97,27,43,70,46,54,100,20,46,66,14,30,44,28,27,55,22,17,39,41,41,82,94,79,173,340,386,726
ILOC70700601,8,0,8,26,20,46,9,16,25,3,6,9,3,8,11,3,4,7,0,0,0,3,0,3,6,10,16,61,64,125
ILOC70700602,3,8,11,8,13,21,27,26,53,3,5,8,3,6,9,3,3,6,3,0,3,0,3,3,0,0,0,50,64,114
ILOC79499494,9,3,12,3,3,6,25,14,39,12,3,15,3,3,6,0,3,3,0,3,3,8,0,8,10,10,20,70,42,112
ILOC79799797,0,0,0,0,0,0,0,0,0,0,0,0,0,0,0,0,0,0,0,0,0,0,0,0,0,0,0,0,0,0
ILOC80100101,27,20,47,37,41,78,35,46,81,32,45,77,30,54,84,25,41,66,41,37,78,151,92,243,19,16,35,397,392,789
ILOC80100102,14,7,21,33,32,65,27,25,52,19,14,33,18,16,34,19,12,31,15,14,29,55,72,127,14,10,24,214,202,416
ILOC80100103,13,18,31,16,10,26,13,20,33,0,14,14,12,13,25,16,20,36,17,12,29,82,50,132,3,4,7,172,161,333
ILOC80100201,36,32,68,44,41,85,36,42,78,25,35,60,18,31,49,30,30,60,31,26,57,117,110,227,67,30,97,404,377,781
ILOC80100202,67,35,102,66,69,135,45,52,97,31,44,75,35,67,102,69,59,128,56,35,91,180,190,370,24,17,41,573,568,1141
ILOC80100301,0,0,0,0,0,0,0,0,0,0,0,0,0,0,0,0,0,0,0,0,0,3,0,3,0,0,0,3,0,3
ILOC89499494,4,3,7,0,4,4,0,0,0,0,3,3,3,3,6,4,0,4,0,0,0,3,3,6,0,0,0,14,16,30
ILOC89799797,0,0,0,0,0,0,0,0,0,0,0,0,0,0,0,0,0,0,0,0,0,0,0,0,0,0,0,0,0,0
ILOC90100101,0,0,0,0,0,0,0,0,0,0,0,0,0,0,0,0,0,0,0,0,0,0,4,4,3,0,3,3,4,7
ILOC90100201,0,0,0,0,0,0,0,0,0,0,3,3,0,0,0,3,0,3,0,0,0,0,0,0,0,0,0,3,3,6
ILOC90200101,0,0,0,0,3,3,0,7,7,3,0,3,3,0,3,0,0,0,0,0,0,4,3,7,3,0,3,13,13,26
ILOC90200102,12,7,19,3,7,10,17,22,39,11,12,23,5,10,15,3,3,6,0,3,3,4,3,7,5,0,5,60,67,127
ILOC99499494,0,0,0,0,0,0,0,0,0,0,0,0,0,0,0,0,0,0,0,0,0,0,0,0,0,0,0,0,0,0
ILOC99799797,0,0,0,0,0,0,0,0,0,0,0,0,0,0,0,0,0,0,0,0,0,0,0,0,0,0,0,0,0,0
