region_id,No_Int_con_HHs_with_Ind_p,No_Internet_connect_Other_hhd,No_Internet_connect_Tot_hhd,Ty_Int_con_Bba_HHs_with_Ind_p,Type_Int_conn_Bband_Other_hhd,Type_Int_conn_Bband_Tot_hhd,Typ_Int_con_Diup_HHs_w_Ind_p,Type_Int_conn_Di_up_Other_hhd,Type_Int_conn_Di_up_Tot_hhd,Type_Int_con_Oth_HHs_w_Ind_p,Type_Int_conn_Other_Other_hhd,Type_Int_conn_Other_Tot_hhd,Type_Int_con_Tot_HHs_w_Ind_p,Type_Int_conn_Tot_Oth_hhd,Type_Int_conn_Tot_Tot_hhd,Internet_con_ns_HHs_w_Ind_p,Internet_connect_ns_Oth_hhd,Internet_connect_ns_Tot_hhd,Tot_Hholds_w_Indig_per,Tot_Oth_households,Tot_Tot_households
ILOC10100101,59,297,356,82,502,584,6,17,23,11,21,32,99,540,639,15,45,60,173,882,1055
ILOC10100201,242,884,1126,408,2796,3204,21,152,173,50,179,229,479,3127,3606,29,135,164,750,4146,4896
ILOC10100202,71,349,420,103,603,706,3,24,27,15,53,68,121,680,801,10,54,64,202,1083,1285
ILOC10100203,114,779,893,167,1739,1906,7,84,91,20,122,142,194,1945,2139,20,89,109,328,2813,3141
ILOC10100204,31,394,425,93,1514,1607,6,98,104,8,92,100,107,1704,1811,0,74,74,138,2172,2310
ILOC10100205,168,454,622,228,1311,1539,8,58,66,32,65,97,268,1434,1702,34,92,126,470,1980,2450
ILOC10100301,109,481,590,77,765,842,6,62,68,14,32,46,97,859,956,9,68,77,215,1408,1623
ILOC10100401,131,360,491,152,606,758,9,33,42,24,29,53,185,668,853,25,43,68,341,1071,1412
ILOC10100402,17,150,167,40,441,481,7,29,36,3,26,29,50,496,546,8,15,23,75,661,736
ILOC10100403,40,122,162,35,103,138,3,10,13,3,3,6,41,116,157,3,14,17,84,252,336
ILOC10100501,97,1099,1196,190,1970,2160,12,109,121,20,120,140,222,2199,2421,19,130,149,338,3428,3766
ILOC10100502,42,305,347,42,684,726,4,65,69,0,36,36,46,785,831,5,32,37,93,1122,1215
ILOC10100503,41,110,151,28,94,122,3,13,16,8,10,18,39,117,156,4,8,12,84,235,319
ILOC10100601,82,333,415,48,508,556,0,25,25,11,21,32,59,554,613,12,49,61,153,936,1089
ILOC10100701,67,299,366,50,447,497,6,21,27,10,32,42,66,500,566,10,31,41,143,830,973
ILOC10100702,48,653,701,72,1149,1221,6,87,93,6,59,65,84,1295,1379,16,75,91,148,2023,2171
ILOC10100801,204,555,759,167,659,826,7,36,43,26,37,63,200,732,932,16,58,74,420,1345,1765
ILOC10100802,52,375,427,71,779,850,8,56,64,6,32,38,85,867,952,6,47,53,143,1289,1432
ILOC10200101,179,1692,1871,257,5447,5704,30,321,351,53,361,414,340,6129,6469,38,271,309,557,8092,8649
ILOC10200201,78,1134,1212,96,1763,1859,3,129,132,15,112,127,114,2004,2118,10,127,137,202,3265,3467
ILOC10200301,170,931,1101,194,1420,1614,13,65,78,32,109,141,239,1594,1833,21,110,131,430,2635,3065
ILOC10200302,39,316,355,49,851,900,3,56,59,3,48,51,55,955,1010,10,49,59,104,1320,1424
ILOC10200401,38,487,525,34,803,837,3,56,59,6,44,50,43,903,946,9,63,72,90,1453,1543
ILOC10200402,23,62,85,14,58,72,3,3,6,4,5,9,21,66,87,5,6,11,49,134,183
ILOC10200501,21,735,756,42,974,1016,4,67,71,3,50,53,49,1091,1140,7,79,86,77,1905,1982
ILOC10200502,164,1902,2066,168,3168,3336,9,204,213,28,193,221,205,3565,3770,27,223,250,396,5690,6086
ILOC10200601,22,298,320,26,801,827,0,44,44,5,36,41,31,881,912,6,42,48,59,1221,1280
ILOC10200602,65,331,396,62,454,516,3,25,28,10,28,38,75,507,582,6,46,52,146,884,1030
ILOC10200603,17,0,17,5,0,5,4,0,4,4,0,4,13,0,13,0,0,0,30,0,30
ILOC10200604,46,225,271,45,237,282,3,14,17,8,14,22,56,265,321,6,15,21,108,505,613
ILOC10200701,65,257,322,44,533,577,0,23,23,8,50,58,52,606,658,12,35,47,129,898,1027
ILOC10200702,195,263,458,100,434,534,3,18,21,25,33,58,128,485,613,36,39,75,359,787,1146
ILOC10200703,31,76,107,18,318,336,0,16,16,7,13,20,25,347,372,3,15,18,59,438,497
ILOC10200704,58,15,73,16,10,26,3,0,3,3,3,6,22,13,35,3,5,8,83,33,116
ILOC10200801,50,39,89,14,46,60,0,5,5,11,3,14,25,54,79,3,10,13,78,103,181
ILOC10200802,27,321,348,60,865,925,0,40,40,3,80,83,63,985,1048,5,46,51,95,1352,1447
ILOC10200803,20,49,69,16,79,95,0,4,4,3,4,7,19,87,106,3,7,10,42,143,185
ILOC10200804,35,6,41,8,28,36,0,3,3,3,0,3,11,31,42,3,0,3,49,37,86
ILOC10200901,85,871,956,165,2414,2579,7,105,112,24,160,184,196,2679,2875,16,152,168,297,3702,3999
ILOC10200902,10,344,354,44,944,988,0,68,68,4,53,57,48,1065,1113,3,63,66,61,1472,1533
ILOC10201001,118,577,695,100,983,1083,3,43,46,16,75,91,119,1101,1220,20,79,99,257,1757,2014
ILOC10201002,50,553,603,78,1196,1274,8,78,86,12,76,88,98,1350,1448,9,92,101,157,1995,2152
ILOC10201003,57,164,221,52,260,312,0,14,14,17,26,43,69,300,369,9,19,28,135,483,618
ILOC10201101,545,3520,4065,693,8110,8803,57,423,480,115,494,609,865,9027,9892,81,557,638,1491,13104,14595
ILOC10201102,123,1711,1834,262,3728,3990,14,222,236,15,157,172,291,4107,4398,11,228,239,425,6046,6471
ILOC10201201,44,0,44,0,0,0,0,0,0,0,0,0,0,0,0,0,0,0,44,0,44
ILOC10201202,59,853,912,60,1400,1460,8,106,114,3,66,69,71,1572,1643,4,84,88,134,2509,2643
ILOC10201301,54,1436,1490,151,3038,3189,9,168,177,8,178,186,168,3384,3552,7,195,202,229,5015,5244
ILOC10201401,43,461,504,84,1246,1330,9,69,78,8,52,60,101,1367,1468,8,50,58,152,1878,2030
ILOC10201402,37,383,420,36,688,724,4,34,38,5,39,44,45,761,806,9,47,56,91,1191,1282
ILOC10300101,119,116,235,94,230,324,3,12,15,13,22,35,110,264,374,26,29,55,255,409,664
ILOC10300102,23,58,81,18,138,156,0,6,6,0,13,13,18,157,175,0,16,16,41,231,272
ILOC10300201,125,43,168,42,64,106,4,0,4,3,6,9,49,70,119,9,0,9,183,113,296
ILOC10300202,35,31,66,40,78,118,0,4,4,6,6,12,46,88,134,6,6,12,87,125,212
ILOC10300203,35,0,35,8,8,16,0,0,0,3,4,7,11,12,23,5,0,5,51,12,63
ILOC10300301,74,418,492,124,906,1030,4,40,44,19,56,75,147,1002,1149,10,49,59,231,1469,1700
ILOC10300302,18,0,18,3,0,3,0,0,0,0,0,0,3,0,3,3,0,3,24,0,24
ILOC10300401,156,251,407,128,265,393,3,23,26,19,25,44,150,313,463,18,32,50,324,596,920
ILOC10300402,15,104,119,19,278,297,0,22,22,3,9,12,22,309,331,0,13,13,37,426,463
ILOC10300403,43,40,83,16,32,48,0,0,0,0,3,3,16,35,51,4,4,8,63,79,142
ILOC10300501,186,2331,2517,256,3731,3987,13,235,248,38,247,285,307,4213,4520,53,346,399,546,6890,7436
ILOC10300502,29,138,167,17,368,385,3,10,13,3,12,15,23,390,413,4,31,35,56,559,615
ILOC10300503,33,35,68,19,63,82,4,0,4,6,4,10,29,67,96,8,16,24,70,118,188
ILOC10300504,86,21,107,22,38,60,3,3,6,3,5,8,28,46,74,3,3,6,117,70,187
ILOC10300601,39,33,72,18,42,60,0,3,3,3,4,7,21,49,70,3,3,6,63,85,148
ILOC10300602,10,0,10,0,0,0,0,0,0,0,0,0,0,0,0,5,0,5,15,0,15
ILOC10300603,76,149,225,62,218,280,6,18,24,9,15,24,77,251,328,14,34,48,167,434,601
ILOC10300604,21,0,21,3,0,3,0,0,0,0,0,0,3,0,3,3,0,3,27,0,27
ILOC10300605,144,74,218,59,168,227,8,6,14,5,16,21,72,190,262,20,19,39,236,283,519
ILOC10300606,57,416,473,38,534,572,0,29,29,7,58,65,45,621,666,3,59,62,105,1096,1201
ILOC10400101,26,102,128,19,325,344,0,13,13,6,13,19,25,351,376,7,21,28,58,474,532
ILOC10400102,90,2002,2092,144,3972,4116,8,223,231,16,257,273,168,4452,4620,24,251,275,282,6705,6987
ILOC10400103,25,1328,1353,139,5812,5951,3,270,273,13,239,252,155,6321,6476,6,213,219,186,7862,8048
ILOC10400201,55,1859,1914,187,7857,8044,9,382,391,10,443,453,206,8682,8888,12,392,404,273,10933,11206
ILOC10400301,104,2054,2158,250,3771,4021,10,183,193,23,232,255,283,4186,4469,22,255,277,409,6495,6904
ILOC10400302,47,1185,1232,216,4330,4546,13,248,261,12,193,205,241,4771,5012,16,212,228,304,6168,6472
ILOC10400303,76,1434,1510,188,2651,2839,14,133,147,17,169,186,219,2953,3172,17,224,241,312,4611,4923
ILOC10400401,19,41,60,7,78,85,0,0,0,3,9,12,10,87,97,5,4,9,34,132,166
ILOC10400402,39,437,476,67,1141,1208,3,93,96,4,49,53,74,1283,1357,3,62,65,116,1782,1898
ILOC10400403,195,2415,2610,311,4884,5195,24,325,349,50,261,311,385,5470,5855,46,321,367,626,8206,8832
ILOC10400404,48,673,721,46,1526,1572,0,93,93,8,68,76,54,1687,1741,5,87,92,107,2447,2554
ILOC10400405,115,1554,1669,107,3433,3540,3,259,262,14,145,159,124,3837,3961,6,173,179,245,5564,5809
ILOC10400501,61,1163,1224,101,3189,3290,3,171,174,8,157,165,112,3517,3629,6,152,158,179,4832,5011
ILOC10400502,41,118,159,30,200,230,0,8,8,7,4,11,37,212,249,3,9,12,81,339,420
ILOC10400503,255,4264,4519,518,13023,13541,22,646,668,50,659,709,590,14328,14918,36,704,740,881,19296,20177
ILOC10400504,29,365,394,26,585,611,6,39,45,4,33,37,36,657,693,7,39,46,72,1061,1133
ILOC10400505,32,703,735,83,2184,2267,9,153,162,8,69,77,100,2406,2506,6,122,128,138,3231,3369
ILOC10400506,86,928,1014,91,1268,1359,12,93,105,6,60,66,109,1421,1530,14,133,147,209,2482,2691
ILOC10400507,91,1349,1440,183,3670,3853,3,184,187,18,180,198,204,4034,4238,15,203,218,310,5586,5896
ILOC10400601,39,791,830,74,1901,1975,0,119,119,9,76,85,83,2096,2179,7,101,108,129,2988,3117
ILOC10400602,37,586,623,64,1114,1178,0,61,61,4,63,67,68,1238,1306,8,60,68,113,1884,1997
ILOC10400701,75,4487,4562,388,17319,17707,16,774,790,30,735,765,434,18828,19262,17,795,812,526,24110,24636
ILOC10400702,260,8127,8387,796,23546,24342,33,1146,1179,73,1323,1396,902,26015,26917,51,1303,1354,1213,35445,36658
ILOC10400801,83,1547,1630,163,3820,3983,8,213,221,16,178,194,187,4211,4398,9,204,213,279,5962,6241
ILOC10400802,95,1613,1708,117,2943,3060,6,163,169,12,191,203,135,3297,3432,14,183,197,244,5093,5337
ILOC10400803,38,1052,1090,55,1257,1312,3,99,102,8,52,60,66,1408,1474,10,129,139,114,2589,2703
ILOC10400901,237,956,1193,125,1094,1219,10,61,71,41,88,129,176,1243,1419,29,94,123,442,2293,2735
ILOC10400902,85,1225,1310,156,2653,2809,8,220,228,18,129,147,182,3002,3184,9,146,155,276,4373,4649
ILOC10400903,30,77,107,15,175,190,0,13,13,0,9,9,15,197,212,5,11,16,50,285,335
ILOC10400904,90,191,281,59,431,490,4,42,46,13,25,38,76,498,574,3,23,26,169,712,881
ILOC10400905,27,598,625,60,1152,1212,0,60,60,9,51,60,69,1263,1332,5,70,75,101,1931,2032
ILOC10401001,56,981,1037,67,1870,1937,8,154,162,4,84,88,79,2108,2187,4,114,118,139,3203,3342
ILOC10401002,26,58,84,12,92,104,0,10,10,13,9,22,25,111,136,3,6,9,54,175,229
ILOC10401101,220,5538,5758,482,14732,15214,24,677,701,49,572,621,555,15981,16536,41,819,860,816,22338,23154
ILOC10401102,190,5692,5882,626,18799,19425,29,809,838,59,789,848,714,20397,21111,41,808,849,945,26897,27842
ILOC10401103,192,4214,4406,497,12722,13219,29,600,629,44,558,602,570,13880,14450,42,696,738,804,18790,19594
ILOC10401201,91,1083,1174,159,3091,3250,12,146,158,23,144,167,194,3381,3575,8,128,136,293,4592,4885
ILOC10401202,57,877,934,84,2273,2357,5,123,128,18,128,146,107,2524,2631,10,136,146,174,3537,3711
ILOC10401203,53,822,875,87,1968,2055,3,103,106,13,120,133,103,2191,2294,13,140,153,169,3153,3322
ILOC10401204,32,837,869,98,2999,3097,6,211,217,8,129,137,112,3339,3451,4,118,122,148,4294,4442
ILOC10401301,241,4896,5137,679,15918,16597,27,690,717,59,730,789,765,17338,18103,50,756,806,1056,22990,24046
ILOC10401401,166,4329,4495,410,13579,13989,19,510,529,50,971,1021,479,15060,15539,29,710,739,674,20099,20773
ILOC10401402,156,3896,4052,417,10206,10623,23,405,428,42,482,524,482,11093,11575,31,600,631,669,15589,16258
ILOC10401403,152,4968,5120,405,13725,14130,14,500,514,36,676,712,455,14901,15356,52,851,903,659,20720,21379
ILOC10401501,81,2390,2471,223,5859,6082,8,402,410,18,242,260,249,6503,6752,9,333,342,339,9226,9565
ILOC10401502,169,4075,4244,356,10805,11161,17,539,556,36,506,542,409,11850,12259,24,584,608,602,16509,17111
ILOC10401503,61,732,793,98,1263,1361,0,73,73,7,73,80,105,1409,1514,12,71,83,178,2212,2390
ILOC10401601,25,158,183,30,192,222,0,11,11,7,10,17,37,213,250,3,17,20,65,388,453
ILOC10401602,3,301,304,90,2234,2324,3,80,83,3,71,74,96,2385,2481,10,83,93,109,2769,2878
ILOC10401603,34,1533,1567,118,4606,4724,9,281,290,12,238,250,139,5125,5264,7,227,234,180,6885,7065
ILOC10401604,57,1943,2000,205,5671,5876,11,302,313,21,216,237,237,6189,6426,19,290,309,313,8422,8735
ILOC10401605,109,1202,1311,182,2840,3022,6,120,126,26,194,220,214,3154,3368,21,190,211,344,4546,4890
ILOC10401701,155,1381,1536,127,2001,2128,12,117,129,24,125,149,163,2243,2406,21,145,166,339,3769,4108
ILOC10401702,20,113,133,27,209,236,0,7,7,5,9,14,32,225,257,6,15,21,58,353,411
ILOC10401703,38,1135,1173,86,2245,2331,8,174,182,11,128,139,105,2547,2652,12,132,144,155,3814,3969
ILOC10401801,67,1477,1544,239,5177,5416,18,232,250,29,282,311,286,5691,5977,19,210,229,372,7378,7750
ILOC10401901,33,22,55,4,70,74,3,7,10,0,6,6,7,83,90,0,4,4,40,109,149
ILOC10401902,226,2221,2447,269,3553,3822,15,211,226,30,208,238,314,3972,4286,35,296,331,575,6489,7064
ILOC10401903,59,2142,2201,215,5862,6077,15,345,360,12,233,245,242,6440,6682,12,253,265,313,8835,9148
ILOC10401904,22,622,644,48,900,948,4,54,58,3,56,59,55,1010,1065,0,66,66,77,1698,1775
ILOC10402001,52,1693,1745,153,4833,4986,8,348,356,6,237,243,167,5418,5585,19,287,306,238,7398,7636
ILOC10402002,32,761,793,132,2921,3053,5,152,157,16,161,177,153,3234,3387,3,91,94,188,4086,4274
ILOC10402003,235,5625,5860,562,12804,13366,30,757,787,38,741,779,630,14302,14932,61,895,956,926,20822,21748
ILOC10402101,308,7208,7516,930,17621,18551,33,847,880,80,868,948,1043,19336,20379,61,1160,1221,1412,27704,29116
ILOC10402102,250,6176,6426,705,16872,17577,34,734,768,78,921,999,817,18527,19344,52,971,1023,1119,25674,26793
ILOC10500101,13,771,784,58,3466,3524,0,126,126,6,183,189,64,3775,3839,6,150,156,83,4696,4779
ILOC10500102,144,3564,3708,182,8448,8630,15,414,429,37,583,620,234,9445,9679,38,534,572,416,13543,13959
ILOC10500201,24,144,168,16,205,221,0,14,14,3,12,15,19,231,250,3,21,24,46,396,442
ILOC10500202,50,467,517,50,1329,1379,0,79,79,7,74,81,57,1482,1539,9,81,90,116,2030,2146
ILOC10500203,31,0,31,0,0,0,0,0,0,0,0,0,0,0,0,0,0,0,31,0,31
ILOC10500204,47,70,117,4,69,73,0,3,3,0,3,3,4,75,79,3,4,7,54,149,203
ILOC10500205,24,175,199,22,204,226,0,16,16,3,11,14,25,231,256,3,43,46,52,449,501
ILOC10500301,159,2940,3099,336,8634,8970,20,468,488,55,561,616,411,9663,10074,40,417,457,610,13020,13630
ILOC10500401,60,1792,1852,145,4224,4369,10,298,308,18,207,225,173,4729,4902,9,215,224,242,6736,6978
ILOC10500501,25,274,299,22,636,658,0,27,27,4,50,54,26,713,739,0,46,46,51,1033,1084
ILOC10500502,48,92,140,31,145,176,0,11,11,8,12,20,39,168,207,0,12,12,87,272,359
ILOC10500503,26,142,168,24,174,198,0,11,11,0,17,17,24,202,226,0,21,21,50,365,415
ILOC10500601,68,2094,2162,126,3913,4039,8,289,297,12,198,210,146,4400,4546,14,267,281,228,6761,6989
ILOC10500701,65,2370,2435,129,4173,4302,12,278,290,15,216,231,156,4667,4823,12,256,268,233,7293,7526
ILOC10500801,46,960,1006,78,1575,1653,4,106,110,5,103,108,87,1784,1871,7,100,107,140,2844,2984
ILOC10500901,139,1518,1657,166,2445,2611,5,168,173,14,141,155,185,2754,2939,46,184,230,370,4456,4826
ILOC10501001,51,920,971,44,1566,1610,0,95,95,10,87,97,54,1748,1802,11,130,141,116,2798,2914
ILOC10501002,50,748,798,45,1563,1608,0,107,107,5,92,97,50,1762,1812,3,95,98,103,2605,2708
ILOC10501101,128,1057,1185,176,1731,1907,10,117,127,29,101,130,215,1949,2164,28,140,168,371,3146,3517
ILOC10501201,198,2276,2474,192,4793,4985,15,267,282,24,290,314,231,5350,5581,34,348,382,463,7974,8437
ILOC10501202,94,1056,1150,125,2118,2243,8,132,140,21,145,166,154,2395,2549,11,124,135,259,3575,3834
ILOC10501301,62,1505,1567,105,2521,2626,3,168,171,14,162,176,122,2851,2973,15,164,179,199,4520,4719
ILOC10501401,141,305,446,82,417,499,3,27,30,18,20,38,103,464,567,8,27,35,252,796,1048
ILOC10501402,20,344,364,30,636,666,3,44,47,4,32,36,37,712,749,0,35,35,57,1091,1148
ILOC10501403,49,135,184,21,182,203,3,13,16,4,12,16,28,207,235,9,23,32,86,365,451
ILOC10501501,111,2259,2370,220,4327,4547,9,271,280,28,237,265,257,4835,5092,16,305,321,384,7399,7783
ILOC10501502,18,514,532,39,1116,1155,0,73,73,4,64,68,43,1253,1296,5,68,73,66,1835,1901
ILOC10501601,109,2324,2433,257,5303,5560,17,289,306,33,259,292,307,5851,6158,15,296,311,431,8471,8902
ILOC10501701,94,676,770,103,1024,1127,4,51,55,20,81,101,127,1156,1283,17,105,122,238,1937,2175
ILOC10501801,45,632,677,99,2028,2127,9,84,93,7,121,128,115,2233,2348,6,98,104,166,2963,3129
ILOC10501802,73,683,756,93,1170,1263,3,67,70,9,92,101,105,1329,1434,16,99,115,194,2111,2305
ILOC10501803,28,477,505,57,1783,1840,0,86,86,6,73,79,63,1942,2005,5,77,82,96,2496,2592
ILOC10501804,94,490,584,70,671,741,4,30,34,20,67,87,94,768,862,25,81,106,213,1339,1552
ILOC10501805,19,546,565,30,1037,1067,0,47,47,7,75,82,37,1159,1196,6,77,83,62,1782,1844
ILOC10501806,5,211,216,38,1034,1072,3,73,76,0,66,66,41,1173,1214,3,49,52,49,1433,1482
ILOC10501807,4,227,231,36,589,625,3,29,32,4,27,31,43,645,688,4,39,43,51,911,962
ILOC10501901,82,1251,1333,95,2306,2401,5,138,143,21,124,145,121,2568,2689,7,170,177,210,3989,4199
ILOC10502001,70,3075,3145,141,6308,6449,12,356,368,15,327,342,168,6991,7159,7,450,457,245,10516,10761
ILOC10502101,108,1327,1435,153,3564,3717,8,163,171,19,259,278,180,3986,4166,17,177,194,305,5490,5795
ILOC10502102,24,795,819,62,1669,1731,4,74,78,8,179,187,74,1922,1996,7,128,135,105,2845,2950
ILOC10502103,6,473,479,78,2879,2957,3,132,135,8,124,132,89,3135,3224,0,96,96,95,3704,3799
ILOC10502104,22,676,698,91,2655,2746,3,142,145,8,141,149,102,2938,3040,6,113,119,130,3727,3857
ILOC10502105,202,1238,1440,253,2996,3249,16,123,139,44,236,280,313,3355,3668,35,194,229,550,4787,5337
ILOC10502201,62,1397,1459,83,2497,2580,6,139,145,15,160,175,104,2796,2900,8,171,179,174,4364,4538
ILOC10600101,41,518,559,35,850,885,0,48,48,11,55,66,46,953,999,9,70,79,96,1541,1637
ILOC10600102,36,2101,2137,127,6503,6630,5,472,477,13,292,305,145,7267,7412,9,301,310,190,9669,9859
ILOC10600103,47,357,404,29,667,696,3,41,44,8,24,32,40,732,772,6,43,49,93,1132,1225
ILOC10600201,105,1479,1584,135,3720,3855,3,255,258,15,194,209,153,4169,4322,20,220,240,278,5868,6146
ILOC10600202,17,27,44,7,48,55,0,9,9,3,3,6,10,60,70,3,3,6,30,90,120
ILOC10600203,51,1260,1311,133,3723,3856,4,270,274,11,127,138,148,4120,4268,8,164,172,207,5544,5751
ILOC10600204,56,347,403,39,501,540,3,27,30,8,21,29,50,549,599,4,38,42,110,934,1044
ILOC10600205,30,389,419,23,685,708,0,36,36,3,33,36,26,754,780,0,63,63,56,1206,1262
ILOC10600206,24,3,27,3,3,6,0,0,0,0,0,0,3,3,6,0,0,0,27,6,33
ILOC10600301,31,392,423,47,737,784,4,60,64,11,39,50,62,836,898,3,41,44,96,1269,1365
ILOC10600302,295,2376,2671,446,5733,6179,18,396,414,63,382,445,527,6511,7038,55,313,368,877,9200,10077
ILOC10600303,203,6111,6314,591,14827,15418,26,1118,1144,50,627,677,667,16572,17239,34,840,874,904,23523,24427
ILOC10600401,119,2409,2528,322,9687,10009,13,382,395,40,690,730,375,10759,11134,30,422,452,524,13590,14114
ILOC10600402,58,2341,2399,191,8236,8427,14,517,531,14,460,474,219,9213,9432,9,412,421,286,11966,12252
ILOC10600501,75,2833,2908,189,6084,6273,11,398,409,25,379,404,225,6861,7086,16,346,362,316,10040,10356
ILOC10600502,60,1957,2017,123,5776,5899,5,325,330,16,313,329,144,6414,6558,11,249,260,215,8620,8835
ILOC10600503,50,3231,3281,254,11466,11720,22,628,650,20,501,521,296,12595,12891,17,515,532,363,16341,16704
ILOC10700101,28,3856,3884,81,15825,15906,5,503,508,7,714,721,93,17042,17135,8,1052,1060,129,21950,22079
ILOC10700201,27,4456,4483,256,45025,45281,7,1138,1145,16,1054,1070,279,47217,47496,5,1358,1363,311,53031,53342
ILOC10700301,105,427,532,108,755,863,5,34,39,10,44,54,123,833,956,6,70,76,234,1330,1564
ILOC10700302,40,292,332,54,553,607,3,20,23,6,35,41,63,608,671,7,40,47,110,940,1050
ILOC10700303,48,1088,1136,127,6574,6701,8,175,183,22,299,321,157,7048,7205,11,306,317,216,8442,8658
ILOC10700304,95,3395,3490,243,12842,13085,10,414,424,22,593,615,275,13849,14124,19,711,730,389,17955,18344
ILOC10700305,15,150,165,40,519,559,0,12,12,4,27,31,44,558,602,3,38,41,62,746,808
ILOC10700306,107,1778,1885,222,6479,6701,11,203,214,16,320,336,249,7002,7251,19,397,416,375,9177,9552
ILOC10700307,22,208,230,27,362,389,0,20,20,3,28,31,30,410,440,6,40,46,58,658,716
ILOC10700308,13,265,278,60,2144,2204,4,65,69,4,78,82,68,2287,2355,6,81,87,87,2633,2720
ILOC10700309,13,469,482,96,3206,3302,5,97,102,3,111,114,104,3414,3518,6,152,158,123,4035,4158
ILOC10700310,27,319,346,55,886,941,3,37,40,12,41,53,70,964,1034,9,69,78,106,1352,1458
ILOC10700311,6,585,591,43,3312,3355,3,103,106,7,97,104,53,3512,3565,5,146,151,64,4243,4307
ILOC10700312,54,1131,1185,76,2811,2887,6,97,103,10,142,152,92,3050,3142,14,225,239,160,4406,4566
ILOC10700313,53,451,504,74,747,821,0,33,33,11,51,62,85,831,916,17,81,98,155,1363,1518
ILOC10700314,29,708,737,83,2072,2155,3,73,76,3,83,86,89,2228,2317,5,142,147,123,3078,3201
ILOC10700315,98,1524,1622,170,4422,4592,4,197,201,20,249,269,194,4868,5062,19,337,356,311,6729,7040
ILOC10700316,11,686,697,81,7245,7326,0,185,185,3,267,270,84,7697,7781,3,258,261,98,8641,8739
ILOC10700317,31,836,867,105,6391,6496,5,172,177,7,228,235,117,6791,6908,5,262,267,153,7889,8042
ILOC10700318,18,653,671,73,2565,2638,3,95,98,10,109,119,86,2769,2855,8,155,163,112,3577,3689
ILOC10700319,74,443,517,108,964,1072,3,32,35,8,58,66,119,1054,1173,15,85,100,208,1582,1790
ILOC10700320,41,422,463,73,945,1018,7,28,35,13,83,96,93,1056,1149,17,103,120,151,1581,1732
ILOC10700401,12,582,594,59,3690,3749,3,112,115,6,102,108,68,3904,3972,0,107,107,80,4593,4673
ILOC10700402,22,1294,1316,140,7006,7146,5,261,266,7,225,232,152,7492,7644,0,240,240,174,9026,9200
ILOC10700403,41,1407,1448,102,4883,4985,4,240,244,15,232,247,121,5355,5476,7,195,202,169,6957,7126
ILOC10700404,18,585,603,99,2956,3055,0,133,133,8,95,103,107,3184,3291,6,104,110,131,3873,4004
ILOC10700405,10,463,473,58,2167,2225,5,87,92,3,82,85,66,2336,2402,0,82,82,76,2881,2957
ILOC10700501,89,3000,3089,186,9429,9615,11,357,368,13,444,457,210,10230,10440,10,581,591,309,13811,14120
ILOC10700601,59,2399,2458,398,13809,14207,14,533,547,27,644,671,439,14986,15425,18,551,569,516,17936,18452
ILOC10700701,91,348,439,89,434,523,4,34,38,10,50,60,103,518,621,11,49,60,205,915,1120
ILOC10700702,31,484,515,103,2584,2687,4,85,89,10,112,122,117,2781,2898,9,129,138,157,3394,3551
ILOC10700703,19,577,596,83,1982,2065,7,82,89,3,103,106,93,2167,2260,4,109,113,116,2853,2969
ILOC10700704,4,110,114,20,461,481,0,35,35,0,14,14,20,510,530,0,20,20,24,640,664
ILOC10700705,81,1855,1936,224,5746,5970,10,256,266,24,377,401,258,6379,6637,15,324,339,354,8558,8912
ILOC10700706,46,628,674,116,2060,2176,11,80,91,14,160,174,141,2300,2441,6,142,148,193,3070,3263
ILOC10700707,29,1032,1061,85,3892,3977,3,151,154,5,189,194,93,4232,4325,12,194,206,134,5458,5592
ILOC10700708,85,1424,1509,157,4405,4562,3,206,209,11,260,271,171,4871,5042,25,320,345,281,6615,6896
ILOC10700709,38,680,718,85,2483,2568,4,118,122,13,102,115,102,2703,2805,6,153,159,146,3536,3682
ILOC10700710,24,565,589,131,3564,3695,0,116,116,9,141,150,140,3821,3961,9,159,168,173,4545,4718
ILOC10700711,27,393,420,61,1540,1601,3,72,75,9,135,144,73,1747,1820,8,100,108,108,2240,2348
ILOC10700712,14,263,277,58,1365,1423,3,51,54,4,54,58,65,1470,1535,3,46,49,82,1779,1861
ILOC10700713,16,271,287,61,1439,1500,4,50,54,7,93,100,72,1582,1654,3,45,48,91,1898,1989
ILOC10700801,40,4064,4104,63,11882,11945,4,447,451,4,580,584,71,12909,12980,5,911,916,116,17884,18000
ILOC10700802,63,5137,5200,163,12961,13124,6,548,554,8,543,551,177,14052,14229,18,987,1005,258,20176,20434
ILOC10700803,53,3946,3999,206,12874,13080,6,490,496,12,464,476,224,13828,14052,17,735,752,294,18509,18803
ILOC10700804,109,10779,10888,237,29945,30182,10,1106,1116,18,1531,1549,265,32582,32847,42,2155,2197,416,45516,45932
ILOC10700901,133,10304,10437,221,21126,21347,7,1006,1013,22,1165,1187,250,23297,23547,43,2028,2071,426,35629,36055
ILOC10700902,39,3749,3788,123,14388,14511,3,547,550,9,544,553,135,15479,15614,13,862,875,187,20090,20277
ILOC10701001,34,1090,1124,152,5826,5978,3,297,300,4,162,166,159,6285,6444,8,262,270,201,7637,7838
ILOC10701002,36,1091,1127,114,2907,3021,4,142,146,13,218,231,131,3267,3398,5,156,161,172,4514,4686
ILOC10701003,80,1460,1540,217,5560,5777,10,215,225,21,298,319,248,6073,6321,13,275,288,341,7808,8149
ILOC10701101,95,6795,6890,256,22422,22678,13,835,848,24,1061,1085,293,24318,24611,18,1276,1294,406,32389,32795
ILOC10701201,46,8652,8698,288,73727,74015,10,1822,1832,4,1615,1619,302,77164,77466,15,2305,2320,363,88121,88484
ILOC10701301,27,6320,6347,148,32217,32365,6,943,949,15,1206,1221,169,34366,34535,11,1273,1284,207,41959,42166
ILOC10701401,50,5099,5149,167,19857,20024,11,654,665,8,719,727,186,21230,21416,7,972,979,243,27301,27544
ILOC10701402,19,3105,3124,74,14613,14687,4,454,458,11,436,447,89,15503,15592,4,628,632,112,19236,19348
ILOC10701501,24,1255,1279,102,5283,5385,0,290,290,7,196,203,109,5769,5878,4,226,230,137,7250,7387
ILOC10701502,176,4878,5054,549,14578,15127,28,720,748,59,698,757,636,15996,16632,41,709,750,853,21583,22436
ILOC10701601,70,2497,2567,176,16501,16677,0,463,463,16,1040,1056,192,18004,18196,14,540,554,276,21041,21317
ILOC10701701,227,7282,7509,485,21573,22058,23,923,946,65,1226,1291,573,23722,24295,55,1667,1722,855,32671,33526
ILOC10701702,63,2615,2678,199,14563,14762,5,627,632,16,702,718,220,15892,16112,14,698,712,297,19205,19502
ILOC10701801,0,21,21,3,107,110,0,3,3,0,0,0,3,110,113,0,0,0,3,131,134
ILOC10701901,141,4608,4749,336,21771,22107,9,667,676,33,1469,1502,378,23907,24285,25,922,947,544,29437,29981
ILOC10702001,54,8584,8638,286,50727,51013,8,1628,1636,32,2450,2482,326,54805,55131,21,1978,1999,401,65367,65768
ILOC10702002,9,2141,2150,97,15795,15892,11,544,555,5,547,552,113,16886,16999,6,619,625,128,19646,19774
ILOC10702101,35,2434,2469,103,13063,13166,7,408,415,12,787,799,122,14258,14380,12,667,679,169,17359,17528
ILOC10702102,54,2705,2759,98,11960,12058,7,359,366,13,429,442,118,12748,12866,7,559,566,179,16012,16191
ILOC10702103,33,2111,2144,132,9487,9619,3,299,302,5,312,317,140,10098,10238,8,436,444,181,12645,12826
ILOC10702104,54,2474,2528,84,6448,6532,3,266,269,7,356,363,94,7070,7164,12,582,594,160,10126,10286
ILOC10702201,48,1026,1074,242,5137,5379,11,187,198,14,253,267,267,5577,5844,16,194,210,331,6797,7128
ILOC10702202,15,531,546,136,5190,5326,4,125,129,6,187,193,146,5502,5648,5,158,163,166,6191,6357
ILOC10702203,85,2356,2441,293,7096,7389,8,253,261,28,465,493,329,7814,8143,19,411,430,433,10581,11014
ILOC10702204,95,2064,2159,368,7539,7907,6,250,256,29,457,486,403,8246,8649,24,417,441,522,10727,11249
ILOC10702205,129,2218,2347,294,5298,5592,12,200,212,23,349,372,329,5847,6176,28,396,424,486,8461,8947
ILOC10702206,34,1197,1231,229,7660,7889,8,241,249,13,271,284,250,8172,8422,13,304,317,297,9673,9970
ILOC10702207,26,703,729,109,3466,3575,0,120,120,5,122,127,114,3708,3822,7,183,190,147,4594,4741
ILOC10702301,46,353,399,92,1152,1244,6,40,46,6,50,56,104,1242,1346,10,76,86,160,1671,1831
ILOC10702302,137,6901,7038,403,33586,33989,20,1109,1129,38,2003,2041,461,36698,37159,28,1502,1530,626,45101,45727
ILOC10702401,55,6967,7022,207,23766,23973,16,904,920,15,1135,1150,238,25805,26043,4,1339,1343,297,34111,34408
ILOC10702501,74,6649,6723,322,28624,28946,12,1086,1098,27,1447,1474,361,31157,31518,26,1269,1295,461,39075,39536
ILOC10702502,53,4461,4514,345,28206,28551,15,900,915,21,797,818,381,29903,30284,19,995,1014,453,35359,35812
ILOC10702601,154,2574,2728,252,16326,16578,8,434,442,38,1230,1268,298,17990,18288,36,684,720,488,21248,21736
ILOC10702602,58,3079,3137,151,18041,18192,6,591,597,17,2009,2026,174,20641,20815,24,675,699,256,24395,24651
ILOC10702603,92,2377,2469,152,18146,18298,5,454,459,29,1264,1293,186,19864,20050,12,759,771,290,23000,23290
ILOC10702604,70,799,869,67,2079,2146,3,82,85,10,172,182,80,2333,2413,12,194,206,162,3326,3488
ILOC10702701,23,2594,2617,85,11155,11240,3,407,410,10,529,539,98,12091,12189,5,485,490,126,15170,15296
ILOC10702702,15,1875,1890,42,7873,7915,0,216,216,0,273,273,42,8362,8404,0,434,434,57,10671,10728
ILOC10702703,32,3989,4021,109,21462,21571,0,570,570,13,1012,1025,122,23044,23166,10,820,830,164,27853,28017
ILOC10702704,4,1660,1664,42,8679,8721,3,237,240,5,318,323,50,9234,9284,0,430,430,54,11324,11378
ILOC10702801,12,3642,3654,95,30158,30253,0,735,735,8,1095,1103,103,31988,32091,7,840,847,122,36470,36592
ILOC10702802,15,3599,3614,90,31435,31525,3,937,940,9,2121,2130,102,34493,34595,5,945,950,122,39037,39159
ILOC10702901,71,2196,2267,321,9426,9747,20,483,503,25,347,372,366,10256,10622,20,517,537,457,12969,13426
ILOC10703001,506,16143,16649,1278,46163,47441,59,2357,2416,120,2453,2573,1457,50973,52430,106,2581,2687,2069,69697,71766
ILOC10703101,18,3126,3144,106,18674,18780,4,610,614,11,1416,1427,121,20700,20821,6,901,907,145,24727,24872
ILOC10703102,11,2159,2170,41,16064,16105,3,503,506,4,1048,1052,48,17615,17663,3,626,629,62,20400,20462
ILOC19499494,0,0,0,0,0,0,0,0,0,0,0,0,0,0,0,0,0,0,0,0,0
ILOC19799797,0,0,0,0,0,0,0,0,0,0,0,0,0,0,0,0,0,0,0,0,0
ILOC20100101,31,6042,6073,73,18734,18807,3,745,748,9,896,905,85,20375,20460,10,1303,1313,126,27720,27846
ILOC20100102,51,8131,8182,126,19068,19194,0,735,735,15,1158,1173,141,20961,21102,17,1620,1637,209,30712,30921
ILOC20100201,39,4152,4191,155,18091,18246,9,833,842,15,999,1014,179,19923,20102,12,766,778,230,24841,25071
ILOC20100301,33,4433,4466,230,24325,24555,3,879,882,18,1128,1146,251,26332,26583,11,1140,1151,295,31905,32200
ILOC20100401,63,4555,4618,188,19924,20112,15,776,791,18,1165,1183,221,21865,22086,20,1041,1061,304,27461,27765
ILOC20100402,56,7243,7299,251,40083,40334,7,1534,1541,14,1587,1601,272,43204,43476,28,1908,1936,356,52355,52711
ILOC20100501,46,10199,10245,148,37875,38023,3,1446,1449,12,1829,1841,163,41150,41313,13,1875,1888,222,53224,53446
ILOC20100502,18,2341,2359,131,13118,13249,3,456,459,8,680,688,142,14254,14396,5,563,568,165,17158,17323
ILOC20100503,56,6426,6482,218,20070,20288,7,895,902,26,1223,1249,251,22188,22439,29,1133,1162,336,29747,30083
ILOC20100601,72,11462,11534,115,28477,28592,9,1259,1268,14,1614,1628,138,31350,31488,32,2435,2467,242,45247,45489
ILOC20100701,33,7569,7602,195,39983,40178,6,1308,1314,15,1392,1407,216,42683,42899,15,1549,1564,264,51801,52065
ILOC20100801,41,5435,5476,117,17865,17982,4,615,619,21,1277,1298,142,19757,19899,11,1064,1075,194,26256,26450
ILOC20100802,31,8557,8588,121,27817,27938,4,1031,1035,8,1537,1545,133,30385,30518,16,1436,1452,180,40378,40558
ILOC20100901,45,6152,6197,150,28650,28800,4,1036,1040,12,1278,1290,166,30964,31130,13,1045,1058,224,38161,38385
ILOC20101001,16,4687,4703,59,25707,25766,3,935,938,3,934,937,65,27576,27641,6,923,929,87,33186,33273
ILOC20101002,16,6808,6824,99,45525,45624,7,1503,1510,5,1859,1864,111,48887,48998,14,1394,1408,141,57089,57230
ILOC20101003,35,13078,13113,186,66790,66976,11,2267,2278,22,3961,3983,219,73018,73237,12,2639,2651,266,88735,89001
ILOC20101101,51,4465,4516,104,17017,17121,4,688,692,13,738,751,121,18443,18564,14,738,752,186,23646,23832
ILOC20101102,18,5784,5802,59,29754,29813,0,1071,1071,10,862,872,69,31687,31756,3,1076,1079,90,38547,38637
ILOC20101103,8,1726,1734,73,16056,16129,3,538,541,8,419,427,84,17013,17097,3,527,530,95,19266,19361
ILOC20101104,21,3253,3274,97,14845,14942,4,538,542,8,513,521,109,15896,16005,7,582,589,137,19731,19868
ILOC20101201,17,3651,3668,103,31653,31756,3,968,971,16,2475,2491,122,35096,35218,12,1077,1089,151,39824,39975
ILOC20101202,39,5676,5715,136,30656,30792,3,1169,1172,18,3210,3228,157,35035,35192,12,1150,1162,208,41861,42069
ILOC20101203,52,4517,4569,125,22465,22590,8,774,782,16,2026,2042,149,25265,25414,7,972,979,208,30754,30962
ILOC20101301,53,5377,5430,248,25615,25863,14,1011,1025,24,1378,1402,286,28004,28290,15,1240,1255,354,34621,34975
ILOC20101401,17,3732,3749,52,17953,18005,0,665,665,0,559,559,52,19177,19229,0,686,686,69,23595,23664
ILOC20101402,5,3022,3027,49,11623,11672,3,393,396,3,485,488,55,12501,12556,0,536,536,60,16059,16119
ILOC20101403,10,2927,2937,35,15142,15177,0,501,501,5,372,377,40,16015,16055,5,591,596,55,19533,19588
ILOC20101501,49,5064,5113,115,12520,12635,5,556,561,15,698,713,135,13774,13909,18,1010,1028,202,19848,20050
ILOC20101502,25,3289,3314,94,13366,13460,0,427,427,7,998,1005,101,14791,14892,4,525,529,130,18605,18735
ILOC20101503,25,4181,4206,82,12544,12626,3,499,502,9,671,680,94,13714,13808,4,725,729,123,18620,18743
ILOC20101504,35,5216,5251,70,11130,11200,5,459,464,7,631,638,82,12220,12302,9,804,813,126,18240,18366
ILOC20101601,37,2413,2450,112,9334,9446,4,490,494,16,488,504,132,10312,10444,5,443,448,174,13168,13342
ILOC20101602,42,5334,5376,152,12116,12268,4,809,813,9,770,779,165,13695,13860,5,857,862,212,19886,20098
ILOC20101603,12,3421,3433,78,15300,15378,3,707,710,4,577,581,85,16584,16669,6,598,604,103,20603,20706
ILOC20101701,40,3697,3737,108,13704,13812,0,410,410,14,920,934,122,15034,15156,16,548,564,178,19279,19457
ILOC20101702,106,8393,8499,228,19940,20168,7,779,786,23,1216,1239,258,21935,22193,40,1435,1475,404,31763,32167
ILOC20101703,109,10048,10157,308,34692,35000,19,1281,1300,30,1868,1898,357,37841,38198,37,1833,1870,503,49722,50225
ILOC20101801,11,3257,3268,45,14934,14979,0,571,571,3,534,537,48,16039,16087,0,628,628,59,19924,19983
ILOC20101802,9,2559,2568,36,12826,12862,0,419,419,0,380,380,36,13625,13661,4,462,466,49,16646,16695
ILOC20101803,9,3551,3560,39,13703,13742,3,503,506,3,435,438,45,14641,14686,4,541,545,58,18733,18791
ILOC20101901,53,6411,6464,115,19990,20105,8,855,863,15,1132,1147,138,21977,22115,12,998,1010,203,29386,29589
ILOC20101902,37,3652,3689,144,17681,17825,12,692,704,13,1158,1171,169,19531,19700,11,825,836,217,24008,24225
ILOC20101903,56,4451,4507,221,22175,22396,9,809,818,23,1414,1437,253,24398,24651,20,950,970,329,29799,30128
ILOC20102001,103,7891,7994,334,37518,37852,14,1780,1794,17,1473,1490,365,40771,41136,21,1468,1489,489,50130,50619
ILOC20200101,137,8995,9132,320,24326,24646,22,1200,1222,56,1576,1632,398,27102,27500,34,1311,1345,569,37408,37977
ILOC20200201,56,3648,3704,110,10449,10559,0,728,728,11,629,640,121,11806,11927,16,557,573,193,16011,16204
ILOC20200301,15,566,581,35,2218,2253,4,107,111,0,96,96,39,2421,2460,4,85,89,58,3072,3130
ILOC20200302,35,1607,1642,99,3384,3483,4,176,180,20,268,288,123,3828,3951,5,215,220,163,5650,5813
ILOC20200303,24,1391,1415,62,5205,5267,5,376,381,8,209,217,75,5790,5865,6,237,243,105,7418,7523
ILOC20200304,38,1211,1249,57,2262,2319,0,139,139,10,141,151,67,2542,2609,8,180,188,113,3933,4046
ILOC20200305,28,2054,2082,57,5875,5932,5,318,323,4,373,377,66,6566,6632,10,251,261,104,8871,8975
ILOC20200306,36,2043,2079,86,5594,5680,4,300,304,8,296,304,98,6190,6288,11,313,324,145,8546,8691
ILOC20200401,20,1240,1260,34,2387,2421,4,183,187,3,138,141,41,2708,2749,3,135,138,64,4083,4147
ILOC20200402,80,1321,1401,73,2961,3034,6,165,171,20,181,201,99,3307,3406,28,188,216,207,4816,5023
ILOC20200403,37,1321,1358,42,2629,2671,4,168,172,7,171,178,53,2968,3021,8,178,186,98,4467,4565
ILOC20200404,66,3258,3324,103,6147,6250,12,370,382,17,333,350,132,6850,6982,9,433,442,207,10541,10748
ILOC20200405,310,5493,5803,414,13114,13528,18,706,724,73,796,869,505,14616,15121,67,871,938,882,20980,21862
ILOC20200501,102,7931,8033,179,14416,14595,10,1179,1189,19,793,812,208,16388,16596,23,975,998,333,25294,25627
ILOC20200601,211,18427,18638,529,53676,54205,32,2645,2677,72,3323,3395,633,59644,60277,46,2783,2829,890,80854,81744
ILOC20200701,104,1432,1536,75,3095,3170,4,193,197,13,183,196,92,3471,3563,19,195,214,215,5098,5313
ILOC20200702,129,3109,3238,142,6831,6973,10,508,518,14,392,406,166,7731,7897,20,400,420,315,11240,11555
ILOC20200703,17,0,17,5,0,5,0,0,0,3,0,3,8,0,8,10,0,10,35,0,35
ILOC20200704,74,3999,4073,138,9675,9813,3,618,621,11,536,547,152,10829,10981,16,550,566,242,15378,15620
ILOC20200801,46,2319,2365,61,4775,4836,0,271,271,7,305,312,68,5351,5419,12,397,409,126,8067,8193
ILOC20200802,72,1817,1889,76,3053,3129,0,164,164,12,251,263,88,3468,3556,9,259,268,169,5544,5713
ILOC20200803,40,2727,2767,110,9335,9445,5,448,453,16,592,608,131,10375,10506,9,455,464,180,13557,13737
ILOC20200901,22,2229,2251,69,10727,10796,3,561,564,10,434,444,82,11722,11804,3,469,472,107,14420,14527
ILOC20200902,29,2053,2082,90,6748,6838,3,383,386,8,387,395,101,7518,7619,6,365,371,136,9936,10072
ILOC20201001,292,5336,5628,333,10940,11273,8,601,609,65,755,820,406,12296,12702,67,854,921,765,18486,19251
ILOC20201101,33,3259,3292,56,7045,7101,3,554,557,7,538,545,66,8137,8203,8,402,410,107,11798,11905
ILOC20201102,37,2660,2697,57,6506,6563,7,526,533,5,367,372,69,7399,7468,8,362,370,114,10421,10535
ILOC20201201,60,6573,6633,184,19383,19567,14,1116,1130,20,1105,1125,218,21604,21822,17,915,932,295,29092,29387
ILOC20201202,8,0,8,4,0,4,0,0,0,0,3,3,4,3,7,3,0,3,15,3,18
ILOC20201203,45,3668,3713,89,7520,7609,7,498,505,6,496,502,102,8514,8616,12,465,477,159,12647,12806
ILOC20201301,23,982,1005,55,1965,2020,6,158,164,8,132,140,69,2255,2324,3,140,143,95,3377,3472
ILOC20201302,33,1099,1132,53,2596,2649,0,126,126,3,158,161,56,2880,2936,8,146,154,97,4125,4222
ILOC20201303,40,1965,2005,35,3851,3886,3,209,212,6,234,240,44,4294,4338,6,224,230,90,6483,6573
ILOC20201401,78,1205,1283,64,2092,2156,4,122,126,21,136,157,89,2350,2439,11,153,164,178,3708,3886
ILOC20201402,61,382,443,31,554,585,3,45,48,6,50,56,40,649,689,13,82,95,114,1113,1227
ILOC20201403,21,642,663,40,1445,1485,3,97,100,0,79,79,43,1621,1664,5,124,129,69,2387,2456
ILOC20201501,25,1263,1288,31,2157,2188,0,116,116,0,153,153,31,2426,2457,6,138,144,62,3827,3889
ILOC20201502,44,3408,3452,79,8456,8535,7,585,592,13,485,498,99,9526,9625,14,493,507,157,13427,13584
ILOC20201601,34,2354,2388,116,7991,8107,5,391,396,17,468,485,138,8850,8988,14,395,409,186,11599,11785
ILOC20201701,80,3162,3242,126,7329,7455,6,390,396,18,557,575,150,8276,8426,17,445,462,247,11883,12130
ILOC20201801,99,5991,6090,150,10913,11063,11,776,787,24,659,683,185,12348,12533,25,703,728,309,19042,19351
ILOC20201901,37,3198,3235,91,8102,8193,3,483,486,7,404,411,101,8989,9090,10,397,407,148,12584,12732
ILOC20201902,29,2948,2977,83,6379,6462,4,412,416,7,376,383,94,7167,7261,8,386,394,131,10501,10632
ILOC20201903,76,2776,2852,192,8747,8939,5,373,378,22,600,622,219,9720,9939,16,416,432,311,12912,13223
ILOC29499494,0,0,0,0,0,0,0,0,0,0,0,0,0,0,0,0,0,0,0,0,0
ILOC29799797,0,0,0,0,0,0,0,0,0,0,0,0,0,0,0,0,0,0,0,0,0
ILOC30100101,94,2779,2873,239,8758,8997,13,489,502,34,443,477,286,9690,9976,30,398,428,410,12867,13277
ILOC30100201,99,5001,5100,423,28279,28702,19,790,809,44,1623,1667,486,30692,31178,24,1028,1052,609,36721,37330
ILOC30100202,60,2654,2714,218,19564,19782,7,549,556,18,1908,1926,243,22021,22264,16,778,794,319,25453,25772
ILOC30100203,175,8616,8791,678,51524,52202,22,1506,1528,78,2985,3063,778,56015,56793,49,1731,1780,1002,66362,67364
ILOC30100204,56,1743,1799,108,9600,9708,3,268,271,20,890,910,131,10758,10889,15,420,435,202,12921,13123
ILOC30100205,106,4600,4706,298,23071,23369,10,662,672,29,1214,1243,337,24947,25284,23,876,899,466,30423,30889
ILOC30100206,135,3995,4130,491,19844,20335,23,602,625,45,884,929,559,21330,21889,19,838,857,713,26163,26876
ILOC30100207,301,11596,11897,1044,52420,53464,37,1743,1780,111,2287,2398,1192,56450,57642,93,2251,2344,1586,70297,71883
ILOC30100208,180,7950,8130,751,46011,46762,27,1356,1383,73,1771,1844,851,49138,49989,45,1975,2020,1076,59063,60139
ILOC30100209,49,3139,3188,250,27308,27558,17,823,840,17,812,829,284,28943,29227,17,800,817,350,32882,33232
ILOC30100210,159,1632,1791,180,2544,2724,9,104,113,22,174,196,211,2822,3033,28,268,296,398,4722,5120
ILOC30100211,51,1006,1057,188,6918,7106,7,277,284,15,400,415,210,7595,7805,9,243,252,270,8844,9114
ILOC30100301,421,10124,10545,1283,36096,37379,58,1682,1740,136,1918,2054,1477,39696,41173,84,1772,1856,1982,51592,53574
ILOC30100401,148,6836,6984,535,26799,27334,25,1167,1192,52,1364,1416,612,29330,29942,26,1100,1126,786,37266,38052
ILOC30100501,68,1911,1979,169,4787,4956,9,288,297,17,284,301,195,5359,5554,12,269,281,275,7539,7814
ILOC30100601,43,1471,1514,115,3620,3735,6,199,205,9,197,206,130,4016,4146,8,258,266,181,5745,5926
ILOC30100602,63,1279,1342,165,3743,3908,9,207,216,18,235,253,192,4185,4377,6,246,252,261,5710,5971
ILOC30100701,512,26862,27374,2176,131121,133297,95,5305,5400,241,8608,8849,2512,145034,147546,136,6563,6699,3160,178459,181619
ILOC30100801,549,10041,10590,1666,37703,39369,70,1562,1632,181,2548,2729,1917,41813,43730,134,1803,1937,2600,53657,56257
ILOC30100901,43,1234,1277,242,7090,7332,10,256,266,16,399,415,268,7745,8013,12,311,323,323,9290,9613
ILOC30100902,79,982,1061,167,2475,2642,11,99,110,22,186,208,200,2760,2960,16,217,233,295,3959,4254
ILOC30100903,324,8658,8982,1238,44532,45770,51,1803,1854,107,2130,2237,1396,48465,49861,63,1963,2026,1783,59086,60869
ILOC30100904,44,465,509,94,2037,2131,4,74,78,15,132,147,113,2243,2356,7,105,112,164,2813,2977
ILOC30100905,76,1123,1199,295,4787,5082,12,159,171,27,304,331,334,5250,5584,11,263,274,421,6636,7057
ILOC30100906,101,1749,1850,198,3588,3786,3,164,167,30,285,315,231,4037,4268,21,384,405,353,6170,6523
ILOC30101001,200,9456,9656,814,43220,44034,32,1824,1856,75,2209,2284,921,47253,48174,42,1996,2038,1163,58705,59868
ILOC30101101,52,3103,3155,199,13597,13796,6,645,651,12,602,614,217,14844,15061,10,562,572,279,18509,18788
ILOC30101201,126,4133,4259,591,22546,23137,20,765,785,69,1263,1332,680,24574,25254,43,897,940,849,29604,30453
ILOC30101202,30,2025,2055,297,21721,22018,5,685,690,18,695,713,320,23101,23421,9,579,588,359,25705,26064
ILOC30101301,134,5182,5316,386,14446,14832,8,642,650,47,840,887,441,15928,16369,24,805,829,599,21915,22514
ILOC30101401,254,7404,7658,790,36242,37032,34,1328,1362,66,1559,1625,890,39129,40019,52,1443,1495,1196,47976,49172
ILOC30200101,101,1156,1257,125,2674,2799,10,163,173,21,133,154,156,2970,3126,22,177,199,279,4303,4582
ILOC30200201,74,840,914,280,6146,6426,23,211,234,29,296,325,332,6653,6985,19,216,235,425,7709,8134
ILOC30200202,133,673,806,92,2331,2423,4,96,100,24,271,295,120,2698,2818,21,184,205,274,3555,3829
ILOC30200203,49,767,816,170,5668,5838,11,206,217,16,339,355,197,6213,6410,13,195,208,259,7175,7434
ILOC30200204,97,748,845,162,3426,3588,10,123,133,17,129,146,189,3678,3867,23,134,157,309,4560,4869
ILOC30200205,139,566,705,253,2999,3252,16,111,127,36,147,183,305,3257,3562,31,139,170,475,3962,4437
ILOC30200206,191,663,854,320,3431,3751,8,124,132,58,168,226,386,3723,4109,45,133,178,622,4519,5141
ILOC30200207,96,334,430,119,1088,1207,5,58,63,16,48,64,140,1194,1334,15,52,67,251,1580,1831
ILOC30200208,696,2017,2713,482,4354,4836,35,234,269,122,435,557,639,5023,5662,152,351,503,1487,7391,8878
ILOC30200209,67,637,704,137,3473,3610,3,113,116,16,205,221,156,3791,3947,13,133,146,236,4561,4797
ILOC30200210,118,397,515,105,969,1074,3,42,45,18,89,107,126,1100,1226,27,61,88,271,1558,1829
ILOC30200301,53,124,177,33,255,288,0,18,18,8,29,37,41,302,343,14,18,32,108,444,552
ILOC30200302,58,505,563,99,2145,2244,6,103,109,11,161,172,116,2409,2525,11,105,116,185,3019,3204
ILOC30200303,18,0,18,5,0,5,0,0,0,3,0,3,8,0,8,4,0,4,30,0,30
ILOC30200401,58,445,503,67,1081,1148,5,81,86,6,43,49,78,1205,1283,12,72,84,148,1722,1870
ILOC30200501,38,547,585,62,1527,1589,3,102,105,4,77,81,69,1706,1775,8,81,89,115,2334,2449
ILOC30200601,18,91,109,17,180,197,0,16,16,0,9,9,17,205,222,3,6,9,38,302,340
ILOC30200602,54,297,351,47,737,784,3,53,56,8,47,55,58,837,895,8,56,64,120,1190,1310
ILOC30200603,16,28,44,10,20,30,3,5,8,0,3,3,13,28,41,0,8,8,29,64,93
ILOC30200604,29,112,141,13,150,163,0,9,9,5,6,11,18,165,183,6,5,11,53,282,335
ILOC30200701,220,845,1065,174,1486,1660,12,90,102,42,91,133,228,1667,1895,27,116,143,475,2628,3103
ILOC30200702,70,873,943,115,2220,2335,13,163,176,15,122,137,143,2505,2648,6,170,176,219,3548,3767
ILOC30200801,127,952,1079,130,2846,2976,13,204,217,17,133,150,160,3183,3343,23,169,192,310,4304,4614
ILOC30200802,16,3,19,9,6,15,0,0,0,10,0,10,19,6,25,3,0,3,38,9,47
ILOC30200901,193,860,1053,112,1403,1515,3,77,80,23,85,108,138,1565,1703,43,114,157,374,2539,2913
ILOC30201001,11,61,72,10,160,170,0,16,16,0,7,7,10,183,193,3,5,8,24,249,273
ILOC30201002,40,0,40,3,8,11,3,0,3,17,0,17,23,8,31,0,0,0,63,8,71
ILOC30201101,305,3,308,62,9,71,4,0,4,35,0,35,101,9,110,4,0,4,410,12,422
ILOC30300101,170,7,177,8,19,27,0,0,0,4,9,13,12,28,40,3,0,3,185,35,220
ILOC30300201,22,167,189,18,306,324,4,12,16,0,9,9,22,327,349,3,30,33,47,524,571
ILOC30300202,39,3,42,4,15,19,0,0,0,4,0,4,8,15,23,5,0,5,52,18,70
ILOC30300203,8,4,12,3,7,10,0,0,0,0,0,0,3,7,10,3,0,3,14,11,25
ILOC30300301,69,149,218,29,366,395,3,11,14,9,18,27,41,395,436,8,21,29,118,565,683
ILOC30300401,137,4,141,32,4,36,3,0,3,37,10,47,72,14,86,0,0,0,209,18,227
ILOC30300501,171,4,175,13,34,47,0,0,0,0,4,4,13,38,51,4,0,4,188,42,230
ILOC30300601,78,9,87,3,25,28,0,0,0,3,3,6,6,28,34,3,4,7,87,41,128
ILOC30300701,38,0,38,15,5,20,0,0,0,8,3,11,23,8,31,0,0,0,61,8,69
ILOC30300702,153,4,157,16,4,20,0,0,0,4,0,4,20,4,24,0,0,0,173,8,181
ILOC30300703,53,82,135,107,656,763,3,24,27,16,31,47,126,711,837,12,21,33,191,814,1005
ILOC30300801,108,10,118,46,48,94,6,3,9,24,3,27,76,54,130,13,3,16,197,67,264
ILOC30300802,84,3,87,8,7,15,0,0,0,0,0,0,8,7,15,0,0,0,92,10,102
ILOC30300803,53,4,57,11,4,15,0,0,0,3,0,3,14,4,18,0,0,0,67,8,75
ILOC30300804,10,8,18,12,13,25,11,0,11,4,0,4,27,13,40,0,4,4,37,25,62
ILOC30300805,53,0,53,4,4,8,3,0,3,0,0,0,7,4,11,0,0,0,60,4,64
ILOC30300901,101,6,107,25,14,39,0,0,0,10,0,10,35,14,49,3,0,3,139,20,159
ILOC30400101,27,29,56,16,68,84,3,3,6,0,3,3,19,74,93,8,8,16,54,111,165
ILOC30400102,10,18,28,12,47,59,3,0,3,3,6,9,18,53,71,0,3,3,28,74,102
ILOC30400103,24,145,169,29,278,307,0,18,18,0,16,16,29,312,341,7,29,36,60,486,546
ILOC30400201,25,111,136,33,202,235,0,13,13,0,14,14,33,229,262,12,37,49,70,377,447
ILOC30400202,118,5,123,16,19,35,0,3,3,37,4,41,53,26,79,4,0,4,175,31,206
ILOC30400203,157,10,167,23,36,59,0,3,3,6,3,9,29,42,71,6,3,9,192,55,247
ILOC30400204,104,32,136,40,84,124,3,7,10,8,16,24,51,107,158,20,13,33,175,152,327
ILOC30400301,130,204,334,73,647,720,8,30,38,11,40,51,92,717,809,24,41,65,246,962,1208
ILOC30400401,20,8,28,3,19,22,0,0,0,0,0,0,3,19,22,5,0,5,28,27,55
ILOC30400402,371,931,1302,435,3749,4184,23,157,180,62,271,333,520,4177,4697,79,257,336,970,5365,6335
ILOC30500101,36,580,616,73,1611,1684,4,89,93,5,116,121,82,1816,1898,10,82,92,128,2478,2606
ILOC30500102,4,166,170,12,291,303,0,9,9,0,20,20,12,320,332,0,12,12,16,498,514
ILOC30500103,43,417,460,52,1306,1358,3,48,51,5,69,74,60,1423,1483,3,94,97,106,1934,2040
ILOC30500201,31,288,319,47,675,722,0,33,33,5,37,42,52,745,797,8,76,84,91,1109,1200
ILOC30500202,12,238,250,18,490,508,0,18,18,7,38,45,25,546,571,0,43,43,37,827,864
ILOC30500203,36,332,368,49,904,953,7,47,54,9,72,81,65,1023,1088,8,63,71,109,1418,1527
ILOC30500301,253,5155,5408,447,10664,11111,20,514,534,54,567,621,521,11745,12266,47,807,854,821,17707,18528
ILOC30500302,113,3508,3621,262,9890,10152,21,599,620,26,528,554,309,11017,11326,18,538,556,440,15063,15503
ILOC30500401,27,161,188,52,1070,1122,3,24,27,3,66,69,58,1160,1218,3,36,39,88,1357,1445
ILOC30500402,46,772,818,74,2245,2319,0,108,108,9,178,187,83,2531,2614,10,137,147,139,3440,3579
ILOC30500403,30,454,484,115,2936,3051,3,90,93,19,183,202,137,3209,3346,11,112,123,178,3775,3953
ILOC30500404,128,8,136,23,11,34,3,0,3,36,4,40,62,15,77,5,3,8,195,26,221
ILOC30500501,82,2246,2328,243,7140,7383,12,420,432,22,317,339,277,7877,8154,18,354,372,377,10477,10854
ILOC30500502,162,4264,4426,415,10789,11204,11,554,565,53,611,664,479,11954,12433,25,588,613,666,16806,17472
ILOC30500503,100,2518,2618,213,4682,4895,7,239,246,29,294,323,249,5215,5464,15,348,363,364,8081,8445
ILOC30500601,135,1721,1856,330,7511,7841,21,302,323,47,444,491,398,8257,8655,21,340,361,554,10318,10872
ILOC30500602,21,485,506,37,1300,1337,3,63,66,5,76,81,45,1439,1484,3,107,110,69,2031,2100
ILOC30500603,39,906,945,169,4617,4786,17,212,229,9,209,218,195,5038,5233,7,248,255,241,6192,6433
ILOC30500701,5,75,80,23,671,694,3,15,18,3,16,19,29,702,731,0,34,34,34,811,845
ILOC30500702,12,212,224,82,2043,2125,0,62,62,7,98,105,89,2203,2292,6,58,64,107,2473,2580
ILOC30500703,21,557,578,86,2233,2319,7,77,84,6,138,144,99,2448,2547,8,101,109,128,3106,3234
ILOC30500801,38,57,95,21,42,63,0,5,5,3,6,9,24,53,77,0,5,5,62,115,177
ILOC30500802,28,196,224,19,296,315,3,16,19,8,18,26,30,330,360,4,52,56,62,578,640
ILOC30500803,46,1018,1064,67,1669,1736,6,77,83,4,119,123,77,1865,1942,5,158,163,128,3041,3169
ILOC30500901,48,386,434,116,1832,1948,9,67,76,12,104,116,137,2003,2140,11,75,86,196,2464,2660
ILOC30500902,50,449,499,73,473,546,4,51,55,7,33,40,84,557,641,6,50,56,140,1056,1196
ILOC30500903,477,5062,5539,750,12929,13679,41,554,595,97,720,817,888,14203,15091,85,801,886,1450,20066,21516
ILOC30500904,44,1109,1153,135,4123,4258,12,287,299,12,213,225,159,4623,4782,5,228,233,208,5960,6168
ILOC30500905,16,427,443,52,1081,1133,4,87,91,3,49,52,59,1217,1276,0,74,74,75,1718,1793
ILOC30500906,57,1081,1138,131,3346,3477,3,167,170,11,198,209,145,3711,3856,5,206,211,207,4998,5205
ILOC30600101,23,112,135,24,343,367,3,13,16,4,22,26,31,378,409,0,20,20,54,510,564
ILOC30600102,13,37,50,13,67,80,3,3,6,3,5,8,19,75,94,5,12,17,37,124,161
ILOC30600103,79,212,291,78,430,508,5,17,22,11,25,36,94,472,566,17,23,40,190,707,897
ILOC30600201,36,158,194,44,341,385,3,15,18,3,13,16,50,369,419,0,20,20,86,547,633
ILOC30600301,187,3,190,44,0,44,7,0,7,4,0,4,55,0,55,0,0,0,242,3,245
ILOC30600401,75,2012,2087,155,5516,5671,11,456,467,22,318,340,188,6290,6478,15,290,305,278,8592,8870
ILOC30600402,60,1994,2054,139,4050,4189,14,272,286,17,286,303,170,4608,4778,15,294,309,245,6896,7141
ILOC30600501,77,843,920,119,2156,2275,5,88,93,19,152,171,143,2396,2539,9,125,134,229,3364,3593
ILOC30600601,36,597,633,40,1144,1184,0,79,79,5,75,80,45,1298,1343,5,85,90,86,1980,2066
ILOC30600602,55,475,530,49,980,1029,0,45,45,6,66,72,55,1091,1146,6,73,79,116,1639,1755
ILOC30600603,36,1211,1247,73,2363,2436,3,183,186,8,164,172,84,2710,2794,3,127,130,123,4048,4171
ILOC30600701,8,296,304,25,1007,1032,3,67,70,0,52,52,28,1126,1154,3,46,49,39,1468,1507
ILOC30600702,42,412,454,70,745,815,3,38,41,11,55,66,84,838,922,4,48,52,130,1298,1428
ILOC30600801,32,457,489,53,1107,1160,5,57,62,0,46,46,58,1210,1268,7,77,84,97,1744,1841
ILOC30600802,32,125,157,24,142,166,0,6,6,3,14,17,27,162,189,0,17,17,59,304,363
ILOC30600803,85,451,536,115,1330,1445,3,61,64,22,96,118,140,1487,1627,12,70,82,237,2008,2245
ILOC30600901,73,307,380,50,598,648,3,45,48,11,37,48,64,680,744,6,72,78,143,1059,1202
ILOC30601001,76,446,522,87,883,970,5,33,38,14,44,58,106,960,1066,10,55,65,192,1461,1653
ILOC30601101,59,1533,1592,121,2810,2931,12,196,208,10,161,171,143,3167,3310,11,184,195,213,4884,5097
ILOC30601201,97,182,279,52,293,345,3,10,13,11,18,29,66,321,387,20,21,41,183,524,707
ILOC30601301,42,1231,1273,105,3123,3228,4,166,170,9,192,201,118,3481,3599,15,181,196,175,4893,5068
ILOC30601302,32,585,617,41,1036,1077,12,71,83,8,50,58,61,1157,1218,7,70,77,100,1812,1912
ILOC30601401,91,1469,1560,123,2865,2988,4,181,185,27,191,218,154,3237,3391,8,184,192,253,4890,5143
ILOC30601402,27,930,957,73,2123,2196,3,157,160,4,121,125,80,2401,2481,11,131,142,118,3462,3580
ILOC30601501,407,8467,8874,846,23921,24767,31,1108,1139,98,1432,1530,975,26461,27436,77,1150,1227,1459,36078,37537
ILOC30601601,13,820,833,75,3627,3702,0,179,179,0,117,117,75,3923,3998,3,119,122,91,4862,4953
ILOC30601602,30,797,827,88,2270,2358,8,127,135,10,100,110,106,2497,2603,9,129,138,145,3423,3568
ILOC30601701,15,582,597,67,2477,2544,0,119,119,8,105,113,75,2701,2776,5,101,106,95,3384,3479
ILOC30601702,12,319,331,20,674,694,4,18,22,6,37,43,30,729,759,0,42,42,42,1090,1132
ILOC30601703,17,436,453,20,947,967,0,41,41,8,58,66,28,1046,1074,4,34,38,49,1516,1565
ILOC30601801,43,655,698,50,1451,1501,0,79,79,6,84,90,56,1614,1670,3,73,76,102,2342,2444
ILOC30601802,16,382,398,31,807,838,0,33,33,3,45,48,34,885,919,8,54,62,58,1321,1379
ILOC30601803,47,478,525,37,769,806,6,61,67,9,66,75,52,896,948,10,57,67,109,1431,1540
ILOC30601804,27,488,515,36,1214,1250,0,76,76,0,71,71,36,1361,1397,0,75,75,63,1924,1987
ILOC30700101,39,0,39,13,0,13,0,0,0,4,0,4,17,0,17,0,0,0,56,0,56
ILOC30700102,38,7,45,31,29,60,3,3,6,5,7,12,39,39,78,8,8,16,85,54,139
ILOC30700103,7,6,13,5,7,12,3,0,3,0,0,0,8,7,15,3,4,7,18,17,35
ILOC30700104,101,11,112,98,164,262,7,3,10,16,12,28,121,179,300,16,15,31,238,205,443
ILOC30700105,101,3,104,37,12,49,5,0,5,8,0,8,50,12,62,22,5,27,173,20,193
ILOC30700201,42,6,48,0,0,0,0,0,0,0,0,0,0,0,0,0,0,0,42,6,48
ILOC30700202,17,0,17,3,0,3,0,0,0,10,0,10,13,0,13,4,0,4,34,0,34
ILOC30700203,17,3,20,0,3,3,0,0,0,40,3,43,40,6,46,9,0,9,66,9,75
ILOC30700301,66,7,73,33,11,44,3,0,3,65,6,71,101,17,118,0,0,0,167,24,191
ILOC30700302,20,0,20,4,3,7,0,0,0,17,0,17,21,3,24,0,0,0,41,3,44
ILOC30700303,38,0,38,3,0,3,3,0,3,0,0,0,6,0,6,0,0,0,44,0,44
ILOC30700304,38,0,38,18,4,22,4,0,4,4,0,4,26,4,30,0,0,0,64,4,68
ILOC30700401,38,0,38,4,3,7,0,0,0,17,0,17,21,3,24,3,0,3,62,3,65
ILOC30700402,30,0,30,3,0,3,3,0,3,0,0,0,6,0,6,0,0,0,36,0,36
ILOC30700403,35,0,35,0,3,3,3,0,3,13,0,13,16,3,19,0,0,0,51,3,54
ILOC30700404,22,0,22,12,3,15,7,0,7,18,0,18,37,3,40,0,0,0,59,3,62
ILOC30700501,50,3,53,10,0,10,0,0,0,10,0,10,20,0,20,0,0,0,70,3,73
ILOC30700502,53,0,53,9,3,12,0,0,0,12,3,15,21,6,27,3,0,3,77,6,83
ILOC30700503,6,0,6,3,0,3,0,0,0,0,0,0,3,0,3,7,0,7,16,0,16
ILOC30800101,123,1173,1296,215,2433,2648,18,155,173,18,173,191,251,2761,3012,16,214,230,390,4148,4538
ILOC30800201,98,934,1032,82,1733,1815,5,87,92,16,86,102,103,1906,2009,20,155,175,221,2995,3216
ILOC30800202,54,837,891,61,1940,2001,0,120,120,10,86,96,71,2146,2217,4,129,133,129,3112,3241
ILOC30800301,132,763,895,103,1499,1602,5,86,91,9,110,119,117,1695,1812,28,120,148,277,2578,2855
ILOC30800401,45,583,628,68,1363,1431,7,79,86,3,65,68,78,1507,1585,8,109,117,131,2199,2330
ILOC30800501,15,719,734,50,1578,1628,3,110,113,3,73,76,56,1761,1817,8,90,98,79,2570,2649
ILOC30800502,76,651,727,42,898,940,0,46,46,3,41,44,45,985,1030,7,73,80,128,1709,1837
ILOC30800601,382,4942,5324,877,18633,19510,37,715,752,98,1014,1112,1012,20362,21374,69,977,1046,1463,26281,27744
ILOC30800701,48,895,943,110,2853,2963,4,187,191,5,154,159,119,3194,3313,8,170,178,175,4259,4434
ILOC30800801,23,487,510,61,1624,1685,3,106,109,8,82,90,72,1812,1884,0,79,79,95,2378,2473
ILOC30800901,35,4,39,57,17,74,6,0,6,257,6,263,320,23,343,3,0,3,358,27,385
ILOC30801001,58,1077,1135,117,4227,4344,3,212,215,24,335,359,144,4774,4918,17,243,260,219,6094,6313
ILOC30801101,67,752,819,133,2476,2609,5,142,147,15,144,159,153,2762,2915,11,170,181,231,3684,3915
ILOC30801201,388,2599,2987,895,15205,16100,31,578,609,116,698,814,1042,16481,17523,83,585,668,1513,19665,21178
ILOC30801301,661,6231,6892,1046,23267,24313,52,940,992,141,1458,1599,1239,25665,26904,137,1219,1356,2037,33115,35152
ILOC30801401,20,457,477,58,1388,1446,7,87,94,5,75,80,70,1550,1620,5,88,93,95,2095,2190
ILOC30801402,19,465,484,58,1626,1684,10,108,118,3,83,86,71,1817,1888,0,107,107,90,2389,2479
ILOC30801501,55,596,651,63,1581,1644,0,84,84,6,110,116,69,1775,1844,17,113,130,141,2484,2625
ILOC30801502,28,4,32,0,5,5,0,0,0,0,0,0,0,5,5,0,0,0,28,9,37
ILOC30801503,40,234,274,39,374,413,3,21,24,7,19,26,49,414,463,3,38,41,92,686,778
ILOC39499494,0,0,0,0,0,0,0,0,0,0,0,0,0,0,0,0,0,0,0,0,0
ILOC39799797,0,0,0,0,0,0,0,0,0,0,0,0,0,0,0,0,0,0,0,0,0
ILOC40100101,18,1027,1045,36,6075,6111,0,245,245,7,526,533,43,6846,6889,5,239,244,66,8112,8178
ILOC40100102,29,1991,2020,56,7403,7459,0,320,320,5,410,415,61,8133,8194,7,337,344,97,10461,10558
ILOC40100201,17,1800,1817,56,9806,9862,5,626,631,6,358,364,67,10790,10857,6,379,385,90,12969,13059
ILOC40100202,25,1816,1841,86,7844,7930,6,473,479,8,437,445,100,8754,8854,5,314,319,130,10884,11014
ILOC40100301,50,3321,3371,122,10232,10354,14,693,707,13,564,577,149,11489,11638,8,410,418,207,15220,15427
ILOC40100401,41,521,562,26,859,885,3,68,71,0,41,41,29,968,997,3,62,65,73,1551,1624
ILOC40100402,50,720,770,54,1408,1462,3,94,97,11,118,129,68,1620,1688,14,87,101,132,2427,2559
ILOC40100501,38,4578,4616,70,12513,12583,0,698,698,9,629,638,79,13840,13919,6,601,607,123,19019,19142
ILOC40100502,30,3287,3317,59,10064,10123,0,465,465,5,625,630,64,11154,11218,6,462,468,100,14903,15003
ILOC40100601,33,2787,2820,65,8491,8556,4,517,521,8,506,514,77,9514,9591,14,382,396,124,12683,12807
ILOC40100602,49,2464,2513,72,5237,5309,0,276,276,9,310,319,81,5823,5904,3,330,333,133,8617,8750
ILOC40100603,43,3159,3202,80,5718,5798,9,302,311,8,390,398,97,6410,6507,10,384,394,150,9953,10103
ILOC40100604,105,2916,3021,112,6418,6530,7,291,298,15,480,495,134,7189,7323,12,393,405,251,10498,10749
ILOC40100701,84,4816,4900,136,11685,11821,8,907,915,14,729,743,158,13321,13479,16,500,516,258,18637,18895
ILOC40100801,45,2076,2121,79,5811,5890,8,304,312,13,330,343,100,6445,6545,8,293,301,153,8814,8967
ILOC40100901,21,3170,3191,63,9878,9941,5,503,508,8,659,667,76,11040,11116,3,524,527,100,14734,14834
ILOC40100902,62,5720,5782,157,14509,14666,4,705,709,22,1028,1050,183,16242,16425,20,791,811,265,22753,23018
ILOC40101001,37,1275,1312,44,2374,2418,7,239,246,10,149,159,61,2762,2823,5,152,157,103,4189,4292
ILOC40101002,26,1076,1102,33,1892,1925,4,164,168,3,154,157,40,2210,2250,6,105,111,72,3391,3463
ILOC40101101,66,3699,3765,117,9140,9257,4,530,534,12,602,614,133,10272,10405,12,495,507,211,14466,14677
ILOC40101102,48,3190,3238,64,6886,6950,5,378,383,16,477,493,85,7741,7826,13,406,419,146,11337,11483
ILOC40101103,9,782,791,41,6128,6169,0,255,255,4,263,267,45,6646,6691,3,191,194,57,7619,7676
ILOC40101201,144,2228,2372,159,4004,4163,14,283,297,28,370,398,201,4657,4858,23,284,307,368,7169,7537
ILOC40101301,15,88,103,7,153,160,0,14,14,0,13,13,7,180,187,3,27,30,25,295,320
ILOC40101302,30,890,920,42,1708,1750,0,109,109,3,124,127,45,1941,1986,8,81,89,83,2912,2995
ILOC40101303,18,0,18,9,0,9,0,0,0,0,0,0,9,0,9,0,0,0,27,0,27
ILOC40101401,133,6270,6403,295,25868,26163,5,1303,1308,47,1300,1347,347,28471,28818,34,1027,1061,514,35768,36282
ILOC40101402,56,1985,2041,122,4471,4593,4,267,271,30,349,379,156,5087,5243,9,258,267,221,7330,7551
ILOC40101403,50,3011,3061,151,11584,11735,12,635,647,27,754,781,190,12973,13163,6,461,467,246,16445,16691
ILOC40101501,95,1408,1503,115,3173,3288,9,166,175,28,347,375,152,3686,3838,20,248,268,267,5342,5609
ILOC40101502,33,1258,1291,118,6201,6319,7,351,358,14,394,408,139,6946,7085,9,247,256,181,8451,8632
ILOC40101503,186,3651,3837,197,5082,5279,9,303,312,38,532,570,244,5917,6161,38,509,547,468,10077,10545
ILOC40101504,25,915,940,52,2884,2936,4,168,172,7,225,232,63,3277,3340,3,157,160,91,4349,4440
ILOC40101601,87,2849,2936,181,7160,7341,9,387,396,30,479,509,220,8026,8246,21,375,396,328,11250,11578
ILOC40101602,78,3116,3194,111,8813,8924,7,452,459,16,598,614,134,9863,9997,19,428,447,231,13407,13638
ILOC40101603,85,2572,2657,105,4685,4790,3,285,288,13,339,352,121,5309,5430,22,346,368,228,8227,8455
ILOC40101604,59,2074,2133,59,3410,3469,13,170,183,7,242,249,79,3822,3901,17,351,368,155,6247,6402
ILOC40101605,70,1440,1510,81,2481,2562,10,131,141,8,234,242,99,2846,2945,5,170,175,174,4456,4630
ILOC40101701,36,1107,1143,35,1882,1917,4,207,211,0,146,146,39,2235,2274,5,166,171,80,3508,3588
ILOC40101801,82,2785,2867,137,6155,6292,12,342,354,22,455,477,171,6952,7123,30,435,465,283,10172,10455
ILOC40101802,30,1771,1801,90,5338,5428,0,300,300,7,325,332,97,5963,6060,9,255,264,136,7989,8125
ILOC40101803,100,3072,3172,161,8627,8788,7,497,504,20,544,564,188,9668,9856,9,448,457,297,13188,13485
ILOC40101804,87,2797,2884,212,10184,10396,13,427,440,32,838,870,257,11449,11706,15,500,515,359,14746,15105
ILOC40101901,72,3901,3973,155,8537,8692,5,664,669,15,590,605,175,9791,9966,11,440,451,258,14132,14390
ILOC40101902,93,2852,2945,130,5895,6025,11,333,344,21,508,529,162,6736,6898,17,346,363,272,9934,10206
ILOC40102001,81,6103,6184,252,26226,26478,18,1148,1166,25,1105,1130,295,28479,28774,19,973,992,395,35555,35950
ILOC40102101,8,2723,2731,53,12311,12364,3,561,564,3,499,502,59,13371,13430,3,431,434,70,16525,16595
ILOC40102102,32,4010,4042,108,17468,17576,0,811,811,11,712,723,119,18991,19110,8,602,610,159,23603,23762
ILOC40102103,13,2472,2485,61,10584,10645,0,447,447,6,636,642,67,11667,11734,3,412,415,83,14551,14634
ILOC40102201,27,1562,1589,45,3634,3679,7,259,266,6,237,243,58,4130,4188,7,171,178,92,5863,5955
ILOC40102301,43,2072,2115,77,3499,3576,6,274,280,14,209,223,97,3982,4079,3,209,212,143,6263,6406
ILOC40102302,32,22,54,8,71,79,3,3,6,0,4,4,11,78,89,0,0,0,43,100,143
ILOC40102303,37,1501,1538,25,2419,2444,3,205,208,11,144,155,39,2768,2807,9,125,134,85,4394,4479
ILOC40200101,60,4,64,3,12,15,0,0,0,0,0,0,3,12,15,0,0,0,63,16,79
ILOC40200102,22,0,22,3,3,6,0,0,0,0,0,0,3,3,6,0,0,0,25,3,28
ILOC40200103,43,31,74,4,19,23,0,5,5,0,0,0,4,24,28,0,3,3,47,58,105
ILOC40200104,12,0,12,0,3,3,0,0,0,0,0,0,0,3,3,0,0,0,12,3,15
ILOC40200105,45,7,52,8,19,27,0,4,4,0,0,0,8,23,31,3,0,3,56,30,86
ILOC40200106,22,0,22,3,3,6,0,0,0,0,0,0,3,3,6,0,0,0,25,3,28
ILOC40200107,49,0,49,0,11,11,0,5,5,0,0,0,0,16,16,0,0,0,49,16,65
ILOC40200108,13,0,13,3,9,12,0,0,0,0,0,0,3,9,12,0,3,3,16,12,28
ILOC40200109,54,3,57,0,24,24,0,0,0,0,4,4,0,28,28,4,0,4,58,31,89
ILOC40200110,5,3,8,0,0,0,0,0,0,0,0,0,0,0,0,0,0,0,5,3,8
ILOC40200201,37,227,264,25,322,347,0,17,17,0,13,13,25,352,377,16,46,62,78,625,703
ILOC40200202,8,0,8,0,0,0,0,0,0,0,0,0,0,0,0,0,0,0,8,0,8
ILOC40200301,28,0,28,9,8,17,3,0,3,0,0,0,12,8,20,0,0,0,40,8,48
ILOC40200302,5,0,5,14,3,17,0,0,0,0,0,0,14,3,17,0,0,0,19,3,22
ILOC40200303,26,164,190,34,391,425,3,19,22,3,41,44,40,451,491,7,33,40,73,648,721
ILOC40200304,11,29,40,9,140,149,0,17,17,0,22,22,9,179,188,0,5,5,20,213,233
ILOC40200305,9,77,86,19,1081,1100,0,32,32,0,70,70,19,1183,1202,3,29,32,31,1289,1320
ILOC40200401,163,4320,4483,162,6897,7059,11,496,507,36,456,492,209,7849,8058,39,431,470,411,12600,13011
ILOC40200402,22,133,155,17,257,274,3,13,16,3,16,19,23,286,309,8,12,20,53,431,484
ILOC40200501,22,0,22,4,0,4,0,0,0,0,0,0,4,0,4,4,0,4,30,0,30
ILOC40200502,232,808,1040,128,1143,1271,6,54,60,40,95,135,174,1292,1466,32,82,114,438,2182,2620
ILOC40200503,0,61,61,7,187,194,0,13,13,3,13,16,10,213,223,0,4,4,10,278,288
ILOC40200504,109,345,454,58,761,819,5,29,34,15,43,58,78,833,911,17,56,73,204,1234,1438
ILOC40200505,17,121,138,35,413,448,0,18,18,3,22,25,38,453,491,3,19,22,58,593,651
ILOC40200601,178,2572,2750,142,5172,5314,9,225,234,34,382,416,185,5779,5964,27,375,402,390,8726,9116
ILOC40300101,97,216,313,41,436,477,4,21,25,4,27,31,49,484,533,7,25,32,153,725,878
ILOC40300102,27,3,30,0,0,0,0,0,0,0,0,0,0,0,0,4,0,4,31,3,34
ILOC40300103,17,7,24,18,46,64,0,3,3,4,3,7,22,52,74,0,3,3,39,62,101
ILOC40300104,10,53,63,15,152,167,3,6,9,3,13,16,21,171,192,0,4,4,31,228,259
ILOC40300201,36,1624,1660,55,3538,3593,7,280,287,7,236,243,69,4054,4123,7,166,173,112,5844,5956
ILOC40300202,14,6,20,0,5,5,0,0,0,0,0,0,0,5,5,0,0,0,14,11,25
ILOC40300203,5,19,24,8,52,60,3,3,6,0,4,4,11,59,70,3,8,11,19,86,105
ILOC40300204,3,3,6,0,8,8,3,0,3,3,0,3,6,8,14,27,4,31,36,15,51
ILOC40300301,135,1436,1571,98,3182,3280,3,171,174,21,239,260,122,3592,3714,27,208,235,284,5236,5520
ILOC49499494,0,0,0,0,0,0,0,0,0,0,0,0,0,0,0,0,0,0,0,0,0
ILOC49799797,0,0,0,0,0,0,0,0,0,0,0,0,0,0,0,0,0,0,0,0,0
ILOC50100101,213,204,417,125,592,717,5,19,24,33,69,102,163,680,843,42,50,92,418,934,1352
ILOC50100102,24,93,117,67,780,847,3,26,29,16,63,79,86,869,955,8,28,36,118,990,1108
ILOC50100103,25,4,29,32,3,35,0,0,0,5,0,5,37,3,40,4,0,4,66,7,73
ILOC50100104,121,139,260,128,1007,1135,9,41,50,26,92,118,163,1140,1303,27,54,81,311,1333,1644
ILOC50100201,52,0,52,6,3,9,0,0,0,6,0,6,12,3,15,0,3,3,64,6,70
ILOC50100202,38,3,41,8,0,8,0,0,0,5,0,5,13,0,13,3,0,3,54,3,57
ILOC50100203,43,3,46,7,19,26,3,3,6,22,0,22,32,22,54,4,0,4,79,25,104
ILOC50100204,29,27,56,3,44,47,0,0,0,4,4,8,7,48,55,3,4,7,39,79,118
ILOC50100205,36,0,36,8,5,13,0,0,0,3,0,3,11,5,16,0,8,8,47,13,60
ILOC50200101,128,354,482,93,944,1037,7,63,70,19,73,92,119,1080,1199,45,84,129,292,1518,1810
ILOC50200102,35,3,38,4,0,4,0,0,0,0,0,0,4,0,4,0,0,0,39,3,42
ILOC50200201,31,41,72,11,114,125,0,11,11,3,3,6,14,128,142,9,11,20,54,180,234
ILOC50200202,46,40,86,8,78,86,0,7,7,0,12,12,8,97,105,0,3,3,54,140,194
ILOC50200301,6,152,158,13,421,434,0,43,43,0,39,39,13,503,516,0,13,13,19,668,687
ILOC50200302,23,54,77,8,125,133,0,5,5,0,3,3,8,133,141,4,8,12,35,195,230
ILOC50200303,34,336,370,18,717,735,0,71,71,3,41,44,21,829,850,8,44,52,63,1209,1272
ILOC50200401,202,942,1144,153,1797,1950,11,117,128,25,162,187,189,2076,2265,55,138,193,446,3156,3602
ILOC50200402,42,336,378,85,1509,1594,7,120,127,11,107,118,103,1736,1839,5,78,83,150,2150,2300
ILOC50200403,103,550,653,112,1798,1910,6,103,109,12,106,118,130,2007,2137,22,99,121,255,2656,2911
ILOC50200404,61,707,768,94,2644,2738,9,153,162,9,167,176,112,2964,3076,10,112,122,183,3783,3966
ILOC50200501,71,650,721,44,1774,1818,3,127,130,11,111,122,58,2012,2070,11,82,93,140,2744,2884
ILOC50200601,6,3,9,0,8,8,0,0,0,0,0,0,0,8,8,0,0,0,6,11,17
ILOC50200602,82,38,120,11,105,116,3,12,15,0,10,10,14,127,141,13,8,21,109,173,282
ILOC50200701,21,5,26,0,3,3,0,0,0,0,0,0,0,3,3,3,0,3,24,8,32
ILOC50200702,22,119,141,25,259,284,3,12,15,5,17,22,33,288,321,0,32,32,55,439,494
ILOC50300101,59,862,921,79,2187,2266,5,130,135,13,166,179,97,2483,2580,8,143,151,164,3488,3652
ILOC50300102,14,327,341,20,1234,1254,5,58,63,0,84,84,25,1376,1401,3,49,52,42,1752,1794
ILOC50300201,32,79,111,16,144,160,3,13,16,6,15,21,25,172,197,5,13,18,62,264,326
ILOC50300202,6,3,9,0,0,0,0,0,0,0,0,0,0,0,0,3,0,3,9,3,12
ILOC50300203,3,35,38,5,68,73,0,0,0,0,5,5,5,73,78,3,0,3,11,108,119
ILOC50300204,5,122,127,18,624,642,0,27,27,7,33,40,25,684,709,0,39,39,30,845,875
ILOC50300205,19,0,19,0,0,0,5,0,5,0,0,0,5,0,5,0,0,0,24,0,24
ILOC50300206,19,80,99,11,133,144,0,13,13,5,18,23,16,164,180,3,17,20,38,261,299
ILOC50300301,245,1511,1756,285,6614,6899,19,245,264,48,442,490,352,7301,7653,49,340,389,646,9152,9798
ILOC50300302,16,0,16,0,0,0,4,0,4,0,0,0,4,0,4,0,0,0,20,0,20
ILOC50300401,13,4,17,8,0,8,0,0,0,0,0,0,8,0,8,0,0,0,21,4,25
ILOC50300402,11,0,11,5,9,14,8,0,8,0,0,0,13,9,22,3,0,3,27,9,36
ILOC50300403,16,0,16,3,10,13,0,0,0,0,0,0,3,10,13,0,0,0,19,10,29
ILOC50300404,61,34,95,10,68,78,3,8,11,0,8,8,13,84,97,3,14,17,77,132,209
ILOC50300405,23,0,23,0,0,0,0,0,0,0,0,0,0,0,0,0,0,0,23,0,23
ILOC50300406,27,3,30,4,8,12,0,0,0,0,3,3,4,11,15,0,0,0,31,14,45
ILOC50300407,17,3,20,0,8,8,0,0,0,0,3,3,0,11,11,0,0,0,17,14,31
ILOC50300408,28,0,28,0,9,9,0,0,0,0,0,0,0,9,9,0,0,0,28,9,37
ILOC50300501,23,36,59,11,81,92,0,3,3,3,11,14,14,95,109,7,12,19,44,143,187
ILOC50300502,15,20,35,13,175,188,0,5,5,0,11,11,13,191,204,3,12,15,31,223,254
ILOC50300503,18,3,21,0,7,7,0,0,0,0,0,0,0,7,7,0,0,0,18,10,28
ILOC50300601,63,4,67,3,34,37,0,0,0,0,7,7,3,41,44,3,3,6,69,48,117
ILOC50300701,29,15,44,5,38,43,0,0,0,14,8,22,19,46,65,0,3,3,48,64,112
ILOC50400101,23,22,45,3,13,16,0,0,0,5,0,5,8,13,21,0,5,5,31,40,71
ILOC50400102,13,3,16,3,0,3,3,0,3,0,0,0,6,0,6,0,0,0,19,3,22
ILOC50400103,19,3,22,3,12,15,0,3,3,3,0,3,6,15,21,0,0,0,25,18,43
ILOC50400201,16,0,16,0,11,11,0,0,0,47,8,55,47,19,66,0,0,0,63,19,82
ILOC50400202,13,8,21,0,16,16,0,0,0,0,0,0,0,16,16,3,0,3,16,24,40
ILOC50400203,16,4,20,3,3,6,0,0,0,3,0,3,6,3,9,0,0,0,22,7,29
ILOC50400204,32,3,35,0,3,3,8,0,8,0,0,0,8,3,11,3,0,3,43,6,49
ILOC50400205,29,3,32,0,4,4,0,0,0,0,0,0,0,4,4,0,0,0,29,7,36
ILOC50400301,82,21,103,32,97,129,3,3,6,7,12,19,42,112,154,0,3,3,124,136,260
ILOC50400302,56,0,56,11,0,11,0,0,0,0,0,0,11,0,11,0,0,0,67,0,67
ILOC50400303,12,3,15,0,0,0,0,0,0,11,0,11,11,0,11,0,0,0,23,3,26
ILOC50400401,65,3,68,4,12,16,0,0,0,0,0,0,4,12,16,8,0,8,77,15,92
ILOC50400501,65,13,78,0,9,9,0,3,3,0,0,0,0,12,12,3,0,3,68,25,93
ILOC50400601,137,137,274,98,851,949,5,45,50,12,88,100,115,984,1099,35,43,78,287,1164,1451
ILOC50400602,18,0,18,0,0,0,0,0,0,0,0,0,0,0,0,4,0,4,22,0,22
ILOC50400603,21,0,21,0,0,0,0,0,0,0,0,0,0,0,0,0,0,0,21,0,21
ILOC50400701,33,35,68,9,173,182,0,12,12,4,19,23,13,204,217,4,17,21,50,256,306
ILOC50400702,25,6,31,3,12,15,0,0,0,0,0,0,3,12,15,3,4,7,31,22,53
ILOC50400801,67,32,99,23,77,100,5,0,5,0,10,10,28,87,115,13,6,19,108,125,233
ILOC50500101,95,1407,1502,100,2759,2859,4,157,161,15,263,278,119,3179,3298,15,216,231,229,4802,5031
ILOC50500102,26,1003,1029,85,6705,6790,9,251,260,18,335,353,112,7291,7403,5,221,226,143,8515,8658
ILOC50500103,26,806,832,50,2457,2507,3,104,107,5,156,161,58,2717,2775,10,118,128,94,3641,3735
ILOC50500104,34,407,441,65,2081,2146,3,102,105,4,174,178,72,2357,2429,3,80,83,109,2844,2953
ILOC50500105,22,313,335,37,1043,1080,3,43,46,3,66,69,43,1152,1195,5,56,61,70,1521,1591
ILOC50500201,54,1174,1228,86,3814,3900,4,171,175,4,189,193,94,4174,4268,12,206,218,160,5554,5714
ILOC50500301,35,2337,2372,96,7442,7538,7,353,360,6,388,394,109,8183,8292,13,352,365,157,10872,11029
ILOC50500302,56,2455,2511,100,8916,9016,8,349,357,18,630,648,126,9895,10021,15,453,468,197,12803,13000
ILOC50500401,53,967,1020,68,3329,3397,7,151,158,14,206,220,89,3686,3775,8,205,213,150,4858,5008
ILOC50500402,36,690,726,49,1659,1708,5,109,114,10,139,149,64,1907,1971,9,105,114,109,2702,2811
ILOC50500403,19,603,622,24,1459,1483,0,80,80,3,121,124,27,1660,1687,0,111,111,46,2374,2420
ILOC50500404,46,722,768,34,2201,2235,3,100,103,8,189,197,45,2490,2535,13,136,149,104,3348,3452
ILOC50500501,23,2154,2177,90,12032,12122,3,510,513,7,480,487,100,13022,13122,4,415,419,127,15591,15718
ILOC50500502,84,2194,2278,101,7441,7542,3,308,311,16,464,480,120,8213,8333,22,496,518,226,10903,11129
ILOC50500503,0,179,179,12,2667,2679,0,68,68,0,59,59,12,2794,2806,0,77,77,12,3050,3062
ILOC50500601,29,949,978,68,5616,5684,5,209,214,13,281,294,86,6106,6192,9,268,277,124,7323,7447
ILOC50500602,27,1412,1439,51,4127,4178,4,199,203,7,210,217,62,4536,4598,6,211,217,95,6159,6254
ILOC50500603,52,959,1011,114,9006,9120,5,252,257,12,442,454,131,9700,9831,14,295,309,197,10954,11151
ILOC50500604,32,559,591,36,1214,1250,0,69,69,4,116,120,40,1399,1439,7,67,74,79,2025,2104
ILOC50500605,52,1128,1180,39,2479,2518,0,126,126,8,186,194,47,2791,2838,13,161,174,112,4080,4192
ILOC50500701,71,2587,2658,96,9417,9513,7,360,367,19,594,613,122,10371,10493,21,464,485,214,13422,13636
ILOC50500801,16,482,498,37,1509,1546,3,90,93,0,125,125,40,1724,1764,4,92,96,60,2298,2358
ILOC50500802,4,525,529,48,6559,6607,3,203,206,4,267,271,55,7029,7084,3,210,213,62,7764,7826
ILOC50500803,84,1764,1848,114,4313,4427,8,233,241,18,257,275,140,4803,4943,21,291,312,245,6858,7103
ILOC50500804,21,381,402,43,2074,2117,3,96,99,3,138,141,49,2308,2357,3,78,81,73,2767,2840
ILOC50500805,19,326,345,46,1220,1266,0,68,68,4,77,81,50,1365,1415,5,62,67,74,1753,1827
ILOC50500806,26,405,431,19,1194,1213,0,80,80,0,98,98,19,1372,1391,10,67,77,55,1844,1899
ILOC50500807,45,994,1039,85,2601,2686,4,128,132,4,208,212,93,2937,3030,7,182,189,145,4113,4258
ILOC50500808,57,1253,1310,92,5734,5826,6,268,274,13,303,316,111,6305,6416,8,253,261,176,7811,7987
ILOC50500901,20,1610,1630,103,14234,14337,7,464,471,12,625,637,122,15323,15445,7,474,481,149,17407,17556
ILOC50500902,25,4010,4035,191,28147,28338,5,1078,1083,18,965,983,214,30190,30404,16,988,1004,255,35188,35443
ILOC50501001,34,755,789,79,3029,3108,0,136,136,8,114,122,87,3279,3366,9,122,131,130,4156,4286
ILOC50501002,21,631,652,74,2965,3039,4,118,122,6,144,150,84,3227,3311,5,126,131,110,3984,4094
ILOC50501003,15,1372,1387,78,8173,8251,3,357,360,5,210,215,86,8740,8826,3,274,277,104,10386,10490
ILOC50501101,93,1521,1614,138,4012,4150,5,209,214,26,335,361,169,4556,4725,14,276,290,276,6353,6629
ILOC50501102,10,358,368,53,2539,2592,3,96,99,8,191,199,64,2826,2890,0,100,100,74,3284,3358
ILOC50501201,27,3334,3361,65,15255,15320,3,622,625,7,645,652,75,16522,16597,4,580,584,106,20436,20542
ILOC50501202,37,1994,2031,78,12526,12604,4,431,435,11,370,381,93,13327,13420,11,429,440,141,15750,15891
ILOC50501301,28,1294,1322,109,7771,7880,3,360,363,4,183,187,116,8314,8430,4,351,355,148,9959,10107
ILOC50501302,38,658,696,64,1931,1995,4,97,101,8,102,110,76,2130,2206,6,100,106,120,2888,3008
ILOC50501401,31,2591,2622,84,13417,13501,3,468,471,4,1280,1284,91,15165,15256,4,509,513,126,18265,18391
ILOC50501402,26,3673,3699,77,24026,24103,4,802,806,9,1136,1145,90,25964,26054,18,815,833,134,30452,30586
ILOC50501501,84,2265,2349,242,10960,11202,12,462,474,25,688,713,279,12110,12389,27,567,594,390,14942,15332
ILOC50501502,44,2774,2818,108,6442,6550,3,401,404,21,508,529,132,7351,7483,6,408,414,182,10533,10715
ILOC50501503,22,774,796,113,8176,8289,0,248,248,12,459,471,125,8883,9008,8,300,308,155,9957,10112
ILOC50501601,14,713,727,72,4207,4279,5,233,238,5,241,246,82,4681,4763,3,173,176,99,5567,5666
ILOC50501701,57,2173,2230,85,12153,12238,3,458,461,11,726,737,99,13337,13436,19,429,448,175,15939,16114
ILOC50501702,93,2355,2448,84,9136,9220,4,399,403,21,634,655,109,10169,10278,22,488,510,224,13012,13236
ILOC50501801,66,3991,4057,134,19522,19656,4,743,747,29,1108,1137,167,21373,21540,7,794,801,240,26158,26398
ILOC50501802,69,3559,3628,132,13092,13224,4,559,563,14,705,719,150,14356,14506,21,685,706,240,18600,18840
ILOC50501803,69,1365,1434,74,3562,3636,3,179,182,12,272,284,89,4013,4102,19,236,255,177,5614,5791
ILOC50501804,127,6642,6769,171,20789,20960,12,936,948,27,1513,1540,210,23238,23448,31,1028,1059,368,30908,31276
ILOC50501901,29,867,896,85,4986,5071,0,153,153,11,195,206,96,5334,5430,4,195,199,129,6396,6525
ILOC50501902,93,1255,1348,137,4969,5106,6,219,225,18,269,287,161,5457,5618,13,244,257,267,6956,7223
ILOC50501903,13,178,191,23,404,427,0,15,15,0,50,50,23,469,492,0,37,37,36,684,720
ILOC50501904,23,758,781,61,4162,4223,3,257,260,7,170,177,71,4589,4660,6,217,223,100,5564,5664
ILOC50501905,45,590,635,126,5663,5789,3,127,130,13,286,299,142,6076,6218,13,214,227,200,6880,7080
ILOC50501906,16,439,455,29,1727,1756,5,73,78,4,93,97,38,1893,1931,6,60,66,60,2392,2452
ILOC50501907,29,493,522,22,931,953,0,40,40,7,111,118,29,1082,1111,5,73,78,63,1648,1711
ILOC50501908,66,574,640,60,1219,1279,4,70,74,10,106,116,74,1395,1469,13,79,92,153,2048,2201
ILOC50501909,30,305,335,56,1615,1671,4,57,61,8,76,84,68,1748,1816,8,72,80,106,2125,2231
ILOC50502001,129,4545,4674,312,23780,24092,11,900,911,47,1192,1239,370,25872,26242,21,1041,1062,520,31458,31978
ILOC50502101,79,2075,2154,211,13551,13762,11,542,553,27,830,857,249,14923,15172,14,572,586,342,17570,17912
ILOC50600101,6,11,17,0,26,26,0,3,3,0,0,0,0,29,29,0,0,0,6,40,46
ILOC50600102,41,5,46,3,7,10,0,0,0,0,0,0,3,7,10,3,0,3,47,12,59
ILOC50600103,21,0,21,0,4,4,0,0,0,0,0,0,0,4,4,3,4,7,24,8,32
ILOC50600104,14,0,14,0,4,4,0,0,0,0,0,0,0,4,4,0,0,0,14,4,18
ILOC50600105,19,15,34,6,20,26,0,3,3,4,4,8,10,27,37,5,4,9,34,46,80
ILOC50600106,35,72,107,102,975,1077,7,40,47,10,61,71,119,1076,1195,9,30,39,163,1178,1341
ILOC50600107,16,7,23,0,17,17,3,3,6,0,0,0,3,20,23,0,3,3,19,30,49
ILOC50600108,24,0,24,0,5,5,0,0,0,0,0,0,0,5,5,0,0,0,24,5,29
ILOC50600109,18,0,18,0,5,5,0,0,0,0,0,0,0,5,5,0,0,0,18,5,23
ILOC50600110,10,0,10,0,4,4,0,0,0,0,0,0,0,4,4,3,0,3,13,4,17
ILOC50600201,41,157,198,20,810,830,0,37,37,4,69,73,24,916,940,5,50,55,70,1123,1193
ILOC50600202,36,29,65,18,123,141,0,5,5,5,6,11,23,134,157,3,27,30,62,190,252
ILOC50600203,10,19,29,35,328,363,0,12,12,4,13,17,39,353,392,3,10,13,52,382,434
ILOC50600204,21,40,61,54,735,789,6,33,39,5,25,30,65,793,858,3,10,13,89,843,932
ILOC50600301,82,267,349,170,3154,3324,9,96,105,25,212,237,204,3462,3666,18,147,165,304,3876,4180
ILOC50600401,21,3,24,3,3,6,0,0,0,0,0,0,3,3,6,0,0,0,24,6,30
ILOC50600402,7,11,18,8,51,59,0,0,0,3,5,8,11,56,67,0,7,7,18,74,92
ILOC50600403,15,84,99,49,800,849,0,34,34,0,54,54,49,888,937,9,75,84,73,1047,1120
ILOC50600404,193,194,387,231,1490,1721,10,55,65,30,121,151,271,1666,1937,72,61,133,536,1921,2457
ILOC50600405,15,0,15,0,0,0,0,0,0,0,0,0,0,0,0,4,0,4,19,0,19
ILOC50600501,6,16,22,12,68,80,0,0,0,3,8,11,15,76,91,0,4,4,21,96,117
ILOC50600502,5,25,30,11,268,279,0,10,10,3,17,20,14,295,309,0,22,22,19,342,361
ILOC50600503,20,3,23,3,11,14,0,0,0,12,0,12,15,11,26,5,0,5,40,14,54
ILOC50600504,46,9,55,19,53,72,0,3,3,12,8,20,31,64,95,11,4,15,88,77,165
ILOC50600505,27,22,49,41,288,329,4,5,9,0,14,14,45,307,352,7,7,14,79,336,415
ILOC50700101,115,1812,1927,86,3683,3769,3,221,224,11,288,299,100,4192,4292,16,248,264,231,6252,6483
ILOC50700102,38,1055,1093,93,4159,4252,8,264,272,10,213,223,111,4636,4747,11,192,203,160,5883,6043
ILOC50700201,82,1379,1461,119,4294,4413,12,310,322,16,227,243,147,4831,4978,12,200,212,241,6410,6651
ILOC50700202,14,146,160,5,165,170,0,9,9,0,11,11,5,185,190,0,17,17,19,348,367
ILOC50700203,21,126,147,5,231,236,0,22,22,0,11,11,5,264,269,3,18,21,29,408,437
ILOC50700204,22,79,101,6,123,129,0,20,20,0,9,9,6,152,158,4,6,10,32,237,269
ILOC50700205,21,250,271,19,531,550,0,47,47,0,37,37,19,615,634,0,36,36,40,901,941
ILOC50700301,31,1612,1643,55,4071,4126,4,235,239,5,346,351,64,4652,4716,9,238,247,104,6502,6606
ILOC50700302,11,155,166,25,904,929,0,44,44,3,72,75,28,1020,1048,4,41,45,43,1216,1259
ILOC50700303,18,196,214,23,798,821,3,51,54,3,69,72,29,918,947,5,36,41,52,1150,1202
ILOC50700304,40,602,642,43,1014,1057,3,82,85,15,134,149,61,1230,1291,3,77,80,104,1909,2013
ILOC50700305,30,380,410,17,631,648,3,42,45,11,63,74,31,736,767,6,70,76,67,1186,1253
ILOC50700401,60,2179,2239,123,7368,7491,4,368,372,20,515,535,147,8251,8398,7,336,343,214,10766,10980
ILOC50700501,30,498,528,38,1137,1175,0,62,62,7,87,94,45,1286,1331,12,60,72,87,1844,1931
ILOC50700502,17,306,323,14,737,751,0,42,42,0,45,45,14,824,838,3,37,40,34,1167,1201
ILOC50700601,42,1375,1417,106,5480,5586,7,298,305,15,311,326,128,6089,6217,10,285,295,180,7749,7929
ILOC50700701,21,234,255,13,559,572,3,40,43,0,38,38,16,637,653,3,35,38,40,906,946
ILOC50700702,26,383,409,21,1129,1150,0,58,58,4,70,74,25,1257,1282,7,52,59,58,1692,1750
ILOC50700703,30,124,154,10,247,257,0,14,14,4,8,12,14,269,283,3,9,12,47,402,449
ILOC50700801,27,199,226,11,695,706,0,40,40,5,50,55,16,785,801,3,38,41,46,1022,1068
ILOC50700802,48,394,442,29,899,928,3,72,75,7,60,67,39,1031,1070,11,35,46,98,1460,1558
ILOC50700901,137,5780,5917,321,18807,19128,16,1122,1138,56,1209,1265,393,21138,21531,35,982,1017,565,27900,28465
ILOC50701001,33,841,874,29,2492,2521,0,170,170,11,159,170,40,2821,2861,3,101,104,76,3763,3839
ILOC50701002,29,983,1012,49,2022,2071,3,160,163,7,118,125,59,2300,2359,3,107,110,91,3390,3481
ILOC50701101,35,923,958,52,3159,3211,8,185,193,9,180,189,69,3524,3593,3,140,143,107,4587,4694
ILOC50701102,56,207,263,25,512,537,0,20,20,4,38,42,29,570,599,13,22,35,98,799,897
ILOC50701201,7,170,177,20,550,570,0,33,33,0,34,34,20,617,637,3,36,39,30,823,853
ILOC50701202,23,634,657,41,1798,1839,5,111,116,3,126,129,49,2035,2084,3,132,135,75,2801,2876
ILOC50701203,13,348,361,25,805,830,0,50,50,3,49,52,28,904,932,4,45,49,45,1297,1342
ILOC50701301,77,430,507,31,928,959,3,60,63,8,59,67,42,1047,1089,14,58,72,133,1535,1668
ILOC50701302,96,921,1017,42,2136,2178,0,137,137,7,137,144,49,2410,2459,22,101,123,167,3432,3599
ILOC50701401,74,667,741,42,1263,1305,3,77,80,13,92,105,58,1432,1490,11,83,94,143,2182,2325
ILOC50701501,7,751,758,37,2878,2915,0,171,171,4,227,231,41,3276,3317,6,129,135,54,4156,4210
ILOC50701502,13,657,670,30,1846,1876,3,131,134,4,84,88,37,2061,2098,3,85,88,53,2803,2856
ILOC50701503,54,1190,1244,134,6547,6681,5,322,327,17,395,412,156,7264,7420,10,283,293,220,8737,8957
ILOC50701504,42,880,922,46,1942,1988,3,98,101,6,131,137,55,2171,2226,5,124,129,102,3175,3277
ILOC50701505,12,415,427,28,1285,1313,5,86,91,0,76,76,33,1447,1480,0,61,61,45,1923,1968
ILOC50800101,91,95,186,107,341,448,9,29,38,12,31,43,128,401,529,23,56,79,242,552,794
ILOC50800102,15,0,15,3,0,3,0,0,0,0,0,0,3,0,3,0,0,0,18,0,18
ILOC50800103,39,0,39,4,0,4,0,0,0,0,0,0,4,0,4,4,0,4,47,0,47
ILOC50800201,26,13,39,12,88,100,0,3,3,19,14,33,31,105,136,5,5,10,62,123,185
ILOC50800202,9,0,9,3,7,10,0,0,0,0,0,0,3,7,10,0,0,0,12,7,19
ILOC50800203,52,0,52,3,0,3,0,0,0,8,0,8,11,0,11,3,0,3,66,0,66
ILOC50800204,35,0,35,0,0,0,0,0,0,0,0,0,0,0,0,0,0,0,35,0,35
ILOC50800205,30,4,34,8,6,14,0,0,0,0,0,0,8,6,14,3,0,3,41,10,51
ILOC50800301,58,0,58,0,0,0,0,0,0,0,3,3,0,3,3,0,0,0,58,3,61
ILOC50800302,18,0,18,0,0,0,0,0,0,0,0,0,0,0,0,0,0,0,18,0,18
ILOC50800303,35,0,35,0,5,5,0,0,0,0,0,0,0,5,5,0,0,0,35,5,40
ILOC50800304,9,0,9,0,0,0,0,0,0,0,0,0,0,0,0,3,0,3,12,0,12
ILOC50800305,14,0,14,0,0,0,0,0,0,0,0,0,0,0,0,0,0,0,14,0,14
ILOC50800306,13,3,16,0,0,0,0,0,0,9,0,9,9,0,9,0,0,0,22,3,25
ILOC50800307,18,9,27,3,3,6,0,0,0,0,0,0,3,3,6,0,0,0,21,12,33
ILOC50800308,17,0,17,0,0,0,0,0,0,0,0,0,0,0,0,3,0,3,20,0,20
ILOC50800401,14,4,18,0,0,0,0,0,0,0,0,0,0,0,0,0,0,0,14,4,18
ILOC50800402,10,3,13,3,0,3,0,0,0,0,0,0,3,0,3,0,0,0,13,3,16
ILOC50800403,55,0,55,7,0,7,0,0,0,0,0,0,7,0,7,0,0,0,62,0,62
ILOC50800404,20,23,43,7,46,53,0,0,0,0,0,0,7,46,53,0,6,6,27,75,102
ILOC50800405,16,0,16,5,0,5,0,0,0,0,0,0,5,0,5,0,0,0,21,0,21
ILOC59499494,0,0,0,0,0,0,0,0,0,0,0,0,0,0,0,0,0,0,0,0,0
ILOC59799797,0,0,0,0,0,0,0,0,0,0,0,0,0,0,0,0,0,0,0,0,0
ILOC60100101,165,2814,2979,390,5552,5942,25,331,356,41,380,421,456,6263,6719,36,367,403,657,9444,10101
ILOC60100102,153,1944,2097,340,3949,4289,21,238,259,26,202,228,387,4389,4776,11,272,283,551,6605,7156
ILOC60100103,15,231,246,37,605,642,8,35,43,0,15,15,45,655,700,3,32,35,63,918,981
ILOC60100201,14,480,494,19,739,758,3,58,61,6,65,71,28,862,890,0,43,43,42,1385,1427
ILOC60100202,20,316,336,23,389,412,0,42,42,4,37,41,27,468,495,0,39,39,47,823,870
ILOC60100203,71,1162,1233,80,1977,2057,4,157,161,12,168,180,96,2302,2398,11,141,152,178,3605,3783
ILOC60100204,36,818,854,55,2022,2077,0,130,130,7,108,115,62,2260,2322,6,97,103,104,3175,3279
ILOC60100205,34,718,752,68,1177,1245,5,101,106,7,84,91,80,1362,1442,8,63,71,122,2143,2265
ILOC60100301,158,1249,1407,279,2955,3234,17,180,197,42,287,329,338,3422,3760,17,159,176,513,4830,5343
ILOC60100302,171,4365,4536,431,12641,13072,28,726,754,50,756,806,509,14123,14632,22,639,661,702,19127,19829
ILOC60100303,276,5597,5873,533,9621,10154,25,628,653,74,749,823,632,10998,11630,40,634,674,948,17229,18177
ILOC60100304,64,3415,3479,237,13597,13834,7,636,643,26,988,1014,270,15221,15491,17,527,544,351,19163,19514
ILOC60100401,28,98,126,52,139,191,3,10,13,0,7,7,55,156,211,4,3,7,87,257,344
ILOC60100402,17,81,98,12,93,105,0,14,14,4,12,16,16,119,135,4,10,14,37,210,247
ILOC60100403,119,1150,1269,269,3017,3286,24,213,237,37,221,258,330,3451,3781,11,166,177,460,4767,5227
ILOC60100501,81,2129,2210,336,8825,9161,20,517,537,39,481,520,395,9823,10218,17,333,350,493,12285,12778
ILOC60100601,293,6544,6837,562,14381,14943,23,811,834,81,1094,1175,666,16286,16952,46,824,870,1005,23654,24659
ILOC60100701,27,748,775,66,2154,2220,0,103,103,9,98,107,75,2355,2430,0,85,85,102,3188,3290
ILOC60100702,32,591,623,76,1305,1381,4,99,103,5,69,74,85,1473,1558,0,66,66,117,2130,2247
ILOC60100703,32,1188,1220,71,2344,2415,5,165,170,18,130,148,94,2639,2733,3,132,135,129,3959,4088
ILOC60100801,29,873,902,59,1307,1366,3,132,135,5,89,94,67,1528,1595,5,79,84,101,2480,2581
ILOC60100802,32,826,858,50,1475,1525,3,99,102,8,118,126,61,1692,1753,9,79,88,102,2597,2699
ILOC60100803,26,86,112,40,153,193,3,9,12,0,19,19,43,181,224,4,5,9,73,272,345
ILOC60100804,51,794,845,61,1393,1454,6,103,109,9,104,113,76,1600,1676,6,98,104,133,2492,2625
ILOC60100901,29,582,611,42,871,913,0,64,64,9,56,65,51,991,1042,4,48,52,84,1621,1705
ILOC60100902,48,1223,1271,149,3063,3212,10,219,229,19,238,257,178,3520,3698,12,168,180,238,4911,5149
ILOC60100903,24,260,284,32,510,542,3,39,42,0,42,42,35,591,626,4,39,43,63,890,953
ILOC60101001,143,2051,2194,317,4240,4557,8,247,255,49,312,361,374,4799,5173,27,226,253,544,7076,7620
ILOC60101002,109,938,1047,265,1901,2166,9,134,143,29,147,176,303,2182,2485,20,91,111,432,3211,3643
ILOC60101003,26,285,311,49,865,914,3,49,52,6,59,65,58,973,1031,0,29,29,84,1287,1371
ILOC60101004,84,1157,1241,183,2140,2323,9,133,142,17,140,157,209,2413,2622,13,129,142,306,3699,4005
ILOC60101005,32,559,591,86,1016,1102,3,70,73,8,76,84,97,1162,1259,7,71,78,136,1792,1928
ILOC60101101,50,964,1014,134,2056,2190,5,124,129,11,136,147,150,2316,2466,0,109,109,200,3389,3589
ILOC60101102,38,1780,1818,154,6130,6284,10,327,337,11,303,314,175,6760,6935,5,250,255,218,8790,9008
ILOC69499494,0,0,0,0,0,0,0,0,0,0,0,0,0,0,0,0,0,0,0,0,0
ILOC69799797,0,0,0,0,0,0,0,0,0,0,0,0,0,0,0,0,0,0,0,0,0
ILOC70100101,84,181,265,86,781,867,6,31,37,10,59,69,102,871,973,72,52,124,258,1104,1362
ILOC70100102,95,187,282,103,896,999,5,48,53,16,59,75,124,1003,1127,19,47,66,238,1237,1475
ILOC70100103,13,81,94,18,330,348,0,21,21,3,20,23,21,371,392,11,28,39,45,480,525
ILOC70100104,0,8,8,8,83,91,0,6,6,0,12,12,8,101,109,3,4,7,11,113,124
ILOC70100105,87,154,241,144,1001,1145,9,31,40,20,58,78,173,1090,1263,60,58,118,320,1302,1622
ILOC70100106,48,137,185,47,890,937,0,39,39,8,78,86,55,1007,1062,13,38,51,116,1182,1298
ILOC70100107,93,188,281,126,1133,1259,0,43,43,22,97,119,148,1273,1421,26,48,74,267,1509,1776
ILOC70100108,0,0,0,4,16,20,0,0,0,0,5,5,4,21,25,0,0,0,4,21,25
ILOC70100201,13,0,13,0,0,0,0,0,0,5,0,5,5,0,5,3,0,3,21,0,21
ILOC70100202,26,0,26,3,3,6,0,0,0,3,0,3,6,3,9,3,0,3,35,3,38
ILOC70100203,36,0,36,0,3,3,0,0,0,4,0,4,4,3,7,4,0,4,44,3,47
ILOC70100204,21,0,21,3,0,3,0,0,0,0,0,0,3,0,3,0,0,0,24,0,24
ILOC70100205,11,0,11,0,0,0,0,0,0,0,0,0,0,0,0,0,0,0,11,0,11
ILOC70100206,24,0,24,5,0,5,0,0,0,0,0,0,5,0,5,4,0,4,33,0,33
ILOC70100207,9,0,9,0,0,0,0,0,0,8,0,8,8,0,8,0,0,0,17,0,17
ILOC70200101,41,0,41,5,0,5,0,0,0,0,0,0,5,0,5,9,0,9,55,0,55
ILOC70200102,62,4,66,0,20,20,0,0,0,4,0,4,4,20,24,29,0,29,95,24,119
ILOC70200103,47,8,55,14,13,27,4,0,4,4,0,4,22,13,35,3,4,7,72,25,97
ILOC70200104,26,0,26,0,0,0,0,0,0,3,0,3,3,0,3,3,3,6,32,3,35
ILOC70200201,40,3,43,3,10,13,0,0,0,0,0,0,3,10,13,3,0,3,46,13,59
ILOC70200301,16,3,19,0,6,6,0,0,0,0,0,0,0,6,6,0,9,9,16,18,34
ILOC70200302,12,8,20,3,6,9,3,3,6,0,0,0,6,9,15,0,3,3,18,20,38
ILOC70200303,37,4,41,0,5,5,0,0,0,0,0,0,0,5,5,0,0,0,37,9,46
ILOC70200304,17,0,17,0,0,0,0,0,0,0,0,0,0,0,0,5,0,5,22,0,22
ILOC70200305,34,0,34,0,0,0,0,0,0,0,0,0,0,0,0,0,0,0,34,0,34
ILOC70200306,23,0,23,0,0,0,0,0,0,0,0,0,0,0,0,0,0,0,23,0,23
ILOC70200401,31,0,31,3,0,3,0,0,0,0,0,0,3,0,3,0,7,7,34,7,41
ILOC70200402,0,0,0,0,5,5,0,4,4,0,0,0,0,9,9,0,0,0,0,9,9
ILOC70200501,19,0,19,3,5,8,3,0,3,0,0,0,6,5,11,0,0,0,25,5,30
ILOC70200502,7,3,10,0,22,22,0,3,3,0,0,0,0,25,25,12,0,12,19,28,47
ILOC70200503,22,3,25,0,0,0,0,0,0,0,0,0,0,0,0,0,0,0,22,3,25
ILOC70200601,7,0,7,11,3,14,0,3,3,0,0,0,11,6,17,0,0,0,18,6,24
ILOC70200602,24,3,27,0,3,3,0,3,3,0,0,0,0,6,6,0,0,0,24,9,33
ILOC70200701,26,7,33,6,30,36,0,0,0,37,4,41,43,34,77,0,0,0,69,41,110
ILOC70200801,46,5,51,0,12,12,0,3,3,0,0,0,0,15,15,0,0,0,46,20,66
ILOC70200802,11,10,21,0,15,15,0,0,0,0,0,0,0,15,15,0,0,0,11,25,36
ILOC70200901,17,0,17,0,0,0,0,0,0,0,0,0,0,0,0,0,4,4,17,4,21
ILOC70200902,37,24,61,15,214,229,3,6,9,0,36,36,18,256,274,0,21,21,55,301,356
ILOC70201001,30,0,30,0,9,9,0,0,0,0,0,0,0,9,9,0,3,3,30,12,42
ILOC70201002,3,3,6,0,7,7,0,0,0,0,0,0,0,7,7,0,0,0,3,10,13
ILOC70201101,39,4,43,0,8,8,0,3,3,0,0,0,0,11,11,9,0,9,48,15,63
ILOC70201102,11,0,11,3,0,3,0,0,0,0,0,0,3,0,3,0,0,0,14,0,14
ILOC70201201,3,0,3,0,0,0,0,0,0,0,0,0,0,0,0,0,0,0,3,0,3
ILOC70201202,9,0,9,3,0,3,0,0,0,0,0,0,3,0,3,4,0,4,16,0,16
ILOC70201203,7,0,7,0,0,0,0,0,0,0,0,0,0,0,0,0,0,0,7,0,7
ILOC70201204,67,5,72,4,5,9,0,3,3,0,0,0,4,8,12,4,0,4,75,13,88
ILOC70201301,55,7,62,0,15,15,0,0,0,0,0,0,0,15,15,0,0,0,55,22,77
ILOC70201302,0,0,0,0,0,0,0,0,0,0,0,0,0,0,0,0,0,0,0,0,0
ILOC70201401,20,0,20,0,4,4,0,3,3,10,0,10,10,7,17,0,0,0,30,7,37
ILOC70201402,22,3,25,0,8,8,0,0,0,0,0,0,0,8,8,0,0,0,22,11,33
ILOC70201403,34,0,34,0,15,15,0,0,0,3,0,3,3,15,18,0,0,0,37,15,52
ILOC70201404,15,0,15,3,0,3,3,0,3,0,0,0,6,0,6,0,0,0,21,0,21
ILOC70201501,25,0,25,0,6,6,0,0,0,6,0,6,6,6,12,0,4,4,31,10,41
ILOC70201601,33,3,36,0,0,0,0,0,0,0,0,0,0,0,0,0,0,0,33,3,36
ILOC70201701,53,6,59,3,35,38,0,0,0,30,0,30,33,35,68,4,0,4,90,41,131
ILOC70300101,17,97,114,35,410,445,3,24,27,5,17,22,43,451,494,3,24,27,63,572,635
ILOC70300102,11,98,109,35,659,694,3,34,37,0,40,40,38,733,771,6,32,38,55,863,918
ILOC70300201,32,87,119,63,500,563,8,21,29,9,21,30,80,542,622,0,24,24,112,653,765
ILOC70300202,25,76,101,59,520,579,3,19,22,8,22,30,70,561,631,4,25,29,99,662,761
ILOC70300301,35,0,35,0,0,0,0,0,0,0,0,0,0,0,0,3,3,6,38,3,41
ILOC70300302,42,279,321,67,844,911,3,32,35,9,99,108,79,975,1054,20,68,88,141,1322,1463
ILOC70300303,7,0,7,4,0,4,0,0,0,0,0,0,4,0,4,0,0,0,11,0,11
ILOC70300304,23,25,48,6,83,89,0,7,7,3,4,7,9,94,103,3,7,10,35,126,161
ILOC70300401,33,69,102,18,134,152,3,5,8,3,11,14,24,150,174,3,10,13,60,229,289
ILOC70300402,18,24,42,7,50,57,3,0,3,0,7,7,10,57,67,3,0,3,31,81,112
ILOC70300403,22,0,22,4,5,9,0,0,0,0,0,0,4,5,9,4,0,4,30,5,35
ILOC70300404,20,122,142,11,175,186,3,15,18,0,14,14,14,204,218,3,15,18,37,341,378
ILOC70300501,32,176,208,32,1072,1104,3,43,46,8,164,172,43,1279,1322,33,69,102,108,1524,1632
ILOC70300502,48,206,254,56,1114,1170,3,51,54,7,107,114,66,1272,1338,46,57,103,160,1535,1695
ILOC70300503,12,176,188,34,968,1002,0,48,48,0,101,101,34,1117,1151,9,44,53,55,1337,1392
ILOC70300504,20,250,270,63,1616,1679,0,62,62,9,204,213,72,1882,1954,18,81,99,110,2213,2323
ILOC70300601,81,214,295,154,843,997,5,44,49,19,51,70,178,938,1116,17,57,74,276,1209,1485
ILOC70300701,17,37,54,12,96,108,0,9,9,0,12,12,12,117,129,3,5,8,32,159,191
ILOC70300702,7,137,144,46,617,663,5,38,43,0,42,42,51,697,748,0,24,24,58,858,916
ILOC70300703,22,136,158,34,372,406,3,29,32,3,38,41,40,439,479,3,23,26,65,598,663
ILOC70300704,20,152,172,61,806,867,4,39,43,6,33,39,71,878,949,8,54,62,99,1084,1183
ILOC70300705,43,363,406,146,1595,1741,16,103,119,11,129,140,173,1827,2000,19,86,105,235,2276,2511
ILOC70300706,10,15,25,3,69,72,0,3,3,0,3,3,3,75,78,3,5,8,16,95,111
ILOC70300801,66,143,209,72,528,600,6,26,32,22,45,67,100,599,699,12,45,57,178,787,965
ILOC70300901,66,195,261,69,910,979,3,39,42,6,80,86,78,1029,1107,12,38,50,156,1262,1418
ILOC70301001,17,61,78,41,390,431,3,23,26,4,16,20,48,429,477,8,21,29,73,511,584
ILOC70301002,33,134,167,51,551,602,7,27,34,10,47,57,68,625,693,6,27,33,107,786,893
ILOC70301101,21,76,97,44,402,446,0,21,21,7,26,33,51,449,500,11,30,41,83,555,638
ILOC70301102,13,109,122,34,372,406,3,15,18,6,30,36,43,417,460,3,19,22,59,545,604
ILOC70301103,18,72,90,25,396,421,4,14,18,3,12,15,32,422,454,3,14,17,53,508,561
ILOC70301201,20,220,240,44,874,918,0,50,50,8,86,94,52,1010,1062,9,52,61,81,1282,1363
ILOC70301202,27,150,177,33,754,787,0,31,31,6,70,76,39,855,894,7,35,42,73,1040,1113
ILOC70301301,50,265,315,201,2221,2422,6,72,78,24,171,195,231,2464,2695,13,69,82,294,2798,3092
ILOC70301302,25,106,131,68,573,641,3,21,24,13,59,72,84,653,737,5,35,40,114,794,908
ILOC70301303,27,98,125,89,1190,1279,3,41,44,11,83,94,103,1314,1417,18,33,51,148,1445,1593
ILOC70301304,100,212,312,96,599,695,0,31,31,18,65,83,114,695,809,14,46,60,228,953,1181
ILOC70301305,97,151,248,101,488,589,3,19,22,15,46,61,119,553,672,7,24,31,223,728,951
ILOC70301306,12,0,12,3,0,3,0,0,0,0,0,0,3,0,3,0,0,0,15,0,15
ILOC70301307,38,141,179,100,668,768,3,17,20,14,45,59,117,730,847,7,41,48,162,912,1074
ILOC70301401,33,204,237,104,1536,1640,3,55,58,6,73,79,113,1664,1777,12,80,92,158,1948,2106
ILOC70301402,24,119,143,40,509,549,3,27,30,7,55,62,50,591,641,3,32,35,77,742,819
ILOC70400101,26,19,45,7,55,62,0,0,0,0,5,5,7,60,67,4,14,18,37,93,130
ILOC70400102,8,0,8,0,0,0,0,0,0,0,0,0,0,0,0,0,0,0,8,0,8
ILOC70400103,60,3,63,9,9,18,0,3,3,0,3,3,9,15,24,0,0,0,69,18,87
ILOC70400104,37,3,40,4,13,17,0,0,0,0,0,0,4,13,17,0,0,0,41,16,57
ILOC70400105,29,0,29,3,8,11,0,0,0,0,0,0,3,8,11,0,0,0,32,8,40
ILOC70400106,14,29,43,20,35,55,0,3,3,0,10,10,20,48,68,0,8,8,34,85,119
ILOC70400201,24,23,47,38,212,250,0,13,13,4,19,23,42,244,286,0,8,8,66,275,341
ILOC70400202,34,55,89,22,83,105,0,9,9,3,12,15,25,104,129,5,13,18,64,172,236
ILOC70400203,9,0,9,0,0,0,0,0,0,0,0,0,0,0,0,0,0,0,9,0,9
ILOC70400301,161,8,169,9,53,62,3,3,6,0,9,9,12,65,77,4,9,13,177,82,259
ILOC70400302,37,0,37,0,3,3,0,0,0,0,0,0,0,3,3,0,0,0,37,3,40
ILOC70400401,23,0,23,0,3,3,0,0,0,0,0,0,0,3,3,0,0,0,23,3,26
ILOC70400402,36,5,41,6,18,24,0,0,0,64,8,72,70,26,96,7,5,12,113,36,149
ILOC70400403,7,0,7,0,0,0,0,0,0,0,0,0,0,0,0,0,0,0,7,0,7
ILOC70400404,10,0,10,0,0,0,0,0,0,0,0,0,0,0,0,0,0,0,10,0,10
ILOC70400405,37,0,37,5,10,15,0,0,0,0,0,0,5,10,15,0,0,0,42,10,52
ILOC70400406,41,0,41,3,11,14,0,0,0,8,4,12,11,15,26,0,0,0,52,15,67
ILOC70400501,32,0,32,0,0,0,0,0,0,0,0,0,0,0,0,0,0,0,32,0,32
ILOC70400502,246,12,258,12,52,64,0,0,0,0,13,13,12,65,77,3,0,3,261,77,338
ILOC70400601,83,0,83,4,6,10,3,3,6,3,3,6,10,12,22,3,0,3,96,12,108
ILOC70400602,66,0,66,8,15,23,0,0,0,11,0,11,19,15,34,3,0,3,88,15,103
ILOC70400603,18,3,21,8,11,19,0,0,0,0,0,0,8,11,19,4,0,4,30,14,44
ILOC70400604,231,6,237,13,29,42,0,0,0,5,4,9,18,33,51,3,8,11,252,47,299
ILOC70500101,22,5,27,7,38,45,0,3,3,17,5,22,24,46,70,23,18,41,69,69,138
ILOC70500102,28,0,28,0,0,0,0,0,0,0,0,0,0,0,0,0,0,0,28,0,28
ILOC70500103,25,0,25,0,4,4,0,0,0,0,0,0,0,4,4,0,0,0,25,4,29
ILOC70500201,34,0,34,3,0,3,0,0,0,0,0,0,3,0,3,0,0,0,37,0,37
ILOC70500202,41,4,45,0,13,13,0,0,0,0,4,4,0,17,17,0,3,3,41,24,65
ILOC70500301,43,0,43,3,6,9,0,0,0,8,3,11,11,9,20,0,0,0,54,9,63
ILOC70500302,35,0,35,0,4,4,0,0,0,0,0,0,0,4,4,0,0,0,35,4,39
ILOC70500303,7,21,28,3,48,51,0,3,3,0,6,6,3,57,60,3,6,9,13,84,97
ILOC70500304,32,0,32,0,0,0,0,0,0,0,0,0,0,0,0,0,0,0,32,0,32
ILOC70500305,13,0,13,0,0,0,0,0,0,0,0,0,0,0,0,0,0,0,13,0,13
ILOC70500306,12,13,25,4,39,43,0,0,0,0,7,7,4,46,50,0,3,3,16,62,78
ILOC70500307,51,3,54,0,6,6,0,0,0,10,0,10,10,6,16,3,0,3,64,9,73
ILOC70500401,35,20,55,4,36,40,0,0,0,0,4,4,4,40,44,5,14,19,44,74,118
ILOC70500402,40,8,48,0,6,6,0,0,0,0,0,0,0,6,6,3,0,3,43,14,57
ILOC70500403,10,0,10,0,3,3,0,0,0,0,0,0,0,3,3,0,0,0,10,3,13
ILOC70500404,37,3,40,0,3,3,0,0,0,0,0,0,0,3,3,0,0,0,37,6,43
ILOC70500405,0,4,4,0,0,0,0,0,0,0,3,3,0,3,3,0,3,3,0,10,10
ILOC70500501,32,0,32,0,0,0,0,0,0,0,0,0,0,0,0,0,0,0,32,0,32
ILOC70500502,225,324,549,174,1439,1613,17,76,93,32,150,182,223,1665,1888,102,131,233,550,2120,2670
ILOC70500503,18,0,18,0,0,0,0,0,0,27,0,27,27,0,27,22,3,25,67,3,70
ILOC70500504,19,3,22,0,0,0,0,0,0,0,0,0,0,0,0,0,0,0,19,3,22
ILOC70500601,52,0,52,4,27,31,3,3,6,18,3,21,25,33,58,0,0,0,77,33,110
ILOC70500701,50,3,53,3,17,20,0,3,3,36,3,39,39,23,62,8,0,8,97,26,123
ILOC70500801,13,0,13,0,0,0,0,0,0,0,0,0,0,0,0,0,0,0,13,0,13
ILOC70500802,21,0,21,0,0,0,0,0,0,0,0,0,0,0,0,0,3,3,21,3,24
ILOC70500803,3,3,6,3,4,7,0,0,0,0,0,0,3,4,7,0,9,9,6,16,22
ILOC70500804,22,7,29,6,23,29,0,0,0,0,0,0,6,23,29,0,7,7,28,37,65
ILOC70500805,18,8,26,0,22,22,0,3,3,0,3,3,0,28,28,3,7,10,21,43,64
ILOC70500901,15,0,15,0,0,0,0,0,0,0,0,0,0,0,0,0,0,0,15,0,15
ILOC70500902,11,10,21,0,20,20,0,0,0,0,0,0,0,20,20,0,4,4,11,34,45
ILOC70500903,34,4,38,0,4,4,0,0,0,0,0,0,0,4,4,3,0,3,37,8,45
ILOC70600101,4,9,13,24,204,228,0,13,13,0,11,11,24,228,252,0,4,4,28,241,269
ILOC70600102,88,5,93,22,5,27,0,0,0,5,0,5,27,5,32,6,0,6,121,10,131
ILOC70600103,10,0,10,5,0,5,0,0,0,0,0,0,5,0,5,0,0,0,15,0,15
ILOC70600104,27,3,30,0,3,3,0,0,0,0,0,0,0,3,3,0,0,0,27,6,33
ILOC70600105,67,10,77,0,8,8,0,0,0,0,0,0,0,8,8,0,0,0,67,18,85
ILOC70600201,71,0,71,4,17,21,0,0,0,0,3,3,4,20,24,3,0,3,78,20,98
ILOC70600202,19,0,19,0,0,0,0,0,0,0,0,0,0,0,0,0,0,0,19,0,19
ILOC70600301,8,0,8,0,0,0,0,0,0,0,0,0,0,0,0,0,0,0,8,0,8
ILOC70600302,9,0,9,0,0,0,0,0,0,0,0,0,0,0,0,0,0,0,9,0,9
ILOC70600303,3,0,3,0,0,0,0,0,0,0,0,0,0,0,0,0,0,0,3,0,3
ILOC70600304,38,4,42,0,0,0,0,0,0,0,0,0,0,0,0,0,0,0,38,4,42
ILOC70600305,18,0,18,0,0,0,0,0,0,0,0,0,0,0,0,0,3,3,18,3,21
ILOC70600401,138,12,150,14,49,63,0,5,5,3,15,18,17,69,86,3,3,6,158,84,242
ILOC70600402,21,3,24,3,0,3,0,3,3,0,0,0,3,3,6,4,0,4,28,6,34
ILOC70600501,22,3,25,3,3,6,3,0,3,0,0,0,6,3,9,0,0,0,28,6,34
ILOC70600502,24,72,96,65,916,981,4,29,33,10,48,58,79,993,1072,0,23,23,103,1088,1191
ILOC70600601,57,5,62,18,7,25,3,0,3,0,6,6,21,13,34,8,3,11,86,21,107
ILOC70600701,44,3,47,54,18,72,0,3,3,0,3,3,54,24,78,0,0,0,98,27,125
ILOC70600702,75,0,75,3,23,26,0,0,0,0,5,5,3,28,31,0,0,0,78,28,106
ILOC70600703,24,0,24,0,0,0,0,0,0,0,0,0,0,0,0,0,0,0,24,0,24
ILOC70600801,56,3,59,8,47,55,0,3,3,5,8,13,13,58,71,7,0,7,76,61,137
ILOC70700101,61,3,64,4,14,18,0,0,0,0,3,3,4,17,21,3,3,6,68,23,91
ILOC70700201,71,6,77,0,8,8,0,0,0,0,0,0,0,8,8,0,0,0,71,14,85
ILOC70700301,18,7,25,3,24,27,0,0,0,0,0,0,3,24,27,3,3,6,24,34,58
ILOC70700302,9,6,15,0,15,15,0,3,3,0,0,0,0,18,18,0,6,6,9,30,39
ILOC70700303,4,0,4,9,0,9,0,0,0,0,0,0,9,0,9,0,0,0,13,0,13
ILOC70700304,31,8,39,3,14,17,0,0,0,3,0,3,6,14,20,3,7,10,40,29,69
ILOC70700305,14,0,14,0,0,0,0,0,0,0,0,0,0,0,0,4,0,4,18,0,18
ILOC70700401,20,3,23,14,8,22,0,0,0,7,5,12,21,13,34,12,4,16,53,20,73
ILOC70700501,0,0,0,0,0,0,0,0,0,3,0,3,3,0,3,0,0,0,3,0,3
ILOC70700502,12,0,12,0,0,0,0,0,0,0,0,0,0,0,0,0,0,0,12,0,12
ILOC70700503,35,0,35,0,0,0,0,0,0,0,0,0,0,0,0,10,0,10,45,0,45
ILOC70700504,147,81,228,76,337,413,9,23,32,13,36,49,98,396,494,30,35,65,275,512,787
ILOC70700601,20,0,20,0,9,9,0,0,0,0,0,0,0,9,9,3,0,3,23,9,32
ILOC70700602,35,0,35,0,5,5,0,0,0,0,0,0,0,5,5,0,0,0,35,5,40
ILOC79499494,0,0,0,0,0,0,0,0,0,0,0,0,0,0,0,0,0,0,0,0,0
ILOC79799797,0,0,0,0,0,0,0,0,0,0,0,0,0,0,0,0,0,0,0,0,0
ILOC80100101,80,3769,3849,428,25835,26263,14,1052,1066,38,1335,1373,480,28222,28702,14,805,819,574,32796,33370
ILOC80100102,73,2624,2697,177,12957,13134,5,496,501,21,1060,1081,203,14513,14716,9,427,436,285,17564,17849
ILOC80100103,29,1176,1205,200,12959,13159,9,415,424,22,822,844,231,14196,14427,11,345,356,271,15717,15988
ILOC80100201,104,4236,4340,325,23958,24283,15,960,975,41,1323,1364,381,26241,26622,31,718,749,516,31195,31711
ILOC80100202,115,3067,3182,585,23958,24543,21,842,863,43,977,1020,649,25777,26426,32,694,726,796,29538,30334
ILOC80100301,3,28,31,0,125,125,0,8,8,0,6,6,0,139,139,0,3,3,3,170,173
ILOC89499494,0,0,0,0,0,0,0,0,0,0,0,0,0,0,0,0,0,0,0,0,0
ILOC89799797,0,0,0,0,0,0,0,0,0,0,0,0,0,0,0,0,0,0,0,0,0
ILOC90100101,0,131,131,4,266,270,0,19,19,0,13,13,4,298,302,0,30,30,4,459,463
ILOC90100201,0,40,40,3,87,90,0,3,3,0,4,4,3,94,97,0,5,5,3,139,142
ILOC90200101,8,6,14,8,16,24,0,0,0,3,0,3,11,16,27,0,0,0,19,22,41
ILOC90200102,28,0,28,15,0,15,3,0,3,3,0,3,21,0,21,0,0,0,49,0,49
ILOC99499494,0,0,0,0,0,0,0,0,0,0,0,0,0,0,0,0,0,0,0,0,0
ILOC99799797,0,0,0,0,0,0,0,0,0,0,0,0,0,0,0,0,0,0,0,0,0
