region_id,Negative_Nil_income_M,Negative_Nil_income_F,Negative_Nil_income_P,PI1_199_M,PI1_199_F,PI1_199_P,PI200_299_M,PI200_299_F,PI200_299_P,PI300_399_M,PI300_399_F,PI300_399_P,PI400_599_M,PI400_599_F,PI400_599_P,PI600_799_M,PI600_799_F,PI600_799_P,PI800_999_M,PI800_999_F,PI800_999_P,PI1000_more_M,PI1000_more_F,PI1000_more_P,Personal_income_nsM,Personal_income_nsF,Personal_income_nsP,Tot_M,Tot_F,Tot_P
LGA10050,36,34,70,35,36,71,35,47,82,42,46,88,30,64,94,26,38,64,31,19,50,43,27,70,30,41,71,308,352,660
LGA10110,30,39,69,44,65,109,93,113,206,66,86,152,47,87,134,34,51,85,25,20,45,40,35,75,42,41,83,421,537,958
LGA10150,3,3,6,13,5,18,12,12,24,3,13,16,9,7,16,11,8,19,7,14,21,23,24,47,3,3,6,84,89,173
LGA10200,7,14,21,7,7,14,12,12,24,3,10,13,10,10,20,9,8,17,7,6,13,19,19,38,156,62,218,230,148,378
LGA10250,28,27,55,42,54,96,74,61,135,44,79,123,43,77,120,29,40,69,25,20,45,39,46,85,29,36,65,353,440,793
LGA10300,6,6,12,4,3,7,8,13,21,3,11,14,5,8,13,11,9,20,3,0,3,4,0,4,3,3,6,47,53,100
LGA10350,54,53,107,45,50,95,47,82,129,37,81,118,51,78,129,39,69,108,35,35,70,86,52,138,33,28,61,427,528,955
LGA10470,53,42,95,50,67,117,70,86,156,44,64,108,36,66,102,35,52,87,34,21,55,60,46,106,179,36,215,561,480,1041
LGA10550,25,18,43,44,30,74,48,52,100,39,45,84,24,52,76,17,16,33,20,11,31,28,18,46,22,35,57,267,277,544
LGA10600,14,14,28,19,19,38,15,19,34,22,20,42,12,19,31,12,11,23,15,4,19,12,3,15,3,3,6,124,112,236
LGA10650,5,7,12,4,7,11,6,9,15,6,10,16,5,4,9,7,0,7,6,0,6,4,5,9,6,0,6,49,42,91
LGA10750,280,259,539,249,286,535,345,416,761,240,384,624,218,390,608,212,278,490,181,139,320,310,236,546,345,198,543,2380,2586,4966
LGA10800,12,4,16,6,11,17,8,10,18,8,5,13,12,13,25,11,8,19,3,4,7,11,7,18,5,3,8,76,65,141
LGA10850,4,12,16,8,8,16,11,5,16,3,3,6,8,4,12,7,6,13,9,4,13,7,8,15,3,6,9,60,56,116
LGA10900,42,49,91,44,50,94,51,56,107,36,68,104,38,82,120,41,45,86,37,35,72,109,63,172,16,20,36,414,468,882
LGA10950,14,11,25,7,14,21,21,21,42,11,19,30,13,24,37,14,16,30,6,5,11,16,8,24,20,11,31,122,129,251
LGA11000,0,0,0,4,0,4,0,0,0,0,5,5,4,4,8,0,0,0,4,0,4,3,3,6,0,3,3,15,15,30
LGA11050,0,5,5,3,4,7,3,0,3,3,0,3,0,6,6,3,0,3,3,0,3,0,0,0,0,0,0,15,15,30
LGA11100,14,20,34,15,21,36,19,26,45,25,28,53,24,37,61,24,28,52,15,17,32,47,42,89,10,14,24,193,233,426
LGA11150,20,17,37,29,23,52,34,42,76,34,31,65,17,48,65,29,41,70,16,20,36,29,35,64,50,56,106,258,313,571
LGA11200,38,22,60,53,47,100,87,87,174,53,79,132,34,36,70,27,38,65,18,21,39,16,19,35,18,21,39,344,370,714
LGA11250,35,40,75,34,41,75,62,86,148,35,80,115,44,71,115,25,39,64,18,24,42,49,47,96,96,49,145,398,477,875
LGA11300,3,7,10,6,5,11,6,5,11,5,4,9,5,8,13,8,5,13,0,4,4,7,11,18,4,6,10,44,55,99
LGA11350,23,11,34,15,25,40,22,21,43,24,37,61,16,30,46,14,14,28,9,13,22,19,17,36,12,6,18,154,174,328
LGA11400,22,19,41,15,16,31,12,16,28,11,18,29,9,14,23,20,15,35,4,3,7,14,10,24,6,11,17,113,122,235
LGA11450,46,33,79,23,42,65,22,39,61,20,28,48,20,43,63,34,42,76,38,25,63,111,66,177,16,22,38,330,340,670
LGA11500,135,140,275,139,203,342,136,235,371,118,223,341,99,238,337,149,177,326,127,103,230,201,178,379,100,99,199,1204,1596,2800
LGA11520,10,11,21,9,5,14,8,15,23,6,11,17,9,11,20,12,8,20,5,12,17,29,39,68,3,5,8,91,117,208
LGA11550,34,21,55,28,24,52,24,29,53,28,47,75,17,42,59,26,33,59,22,25,47,62,56,118,28,30,58,269,307,576
LGA11600,7,6,13,6,8,14,3,10,13,7,12,19,7,7,14,7,5,12,3,3,6,4,3,7,3,3,6,47,57,104
LGA11700,21,13,34,37,39,76,55,63,118,37,58,95,27,40,67,10,19,29,14,8,22,20,19,39,43,12,55,264,271,535
LGA11720,63,66,129,60,105,165,94,83,177,67,141,208,73,127,200,65,71,136,47,39,86,157,50,207,156,62,218,782,744,1526
LGA11730,58,69,127,112,111,223,165,168,333,118,171,289,69,144,213,59,66,125,47,43,90,69,63,132,153,82,235,850,917,1767
LGA11750,22,30,52,12,21,33,31,50,81,17,22,39,16,20,36,19,14,33,11,4,15,64,25,89,14,6,20,206,192,398
LGA11800,84,76,160,92,118,210,150,143,293,82,135,217,93,181,274,94,89,183,43,53,96,106,92,198,65,57,122,809,944,1753
LGA11860,3,0,3,0,0,0,0,0,0,0,3,3,0,3,3,3,0,3,0,3,3,0,3,3,0,0,0,6,12,18
LGA12000,0,4,4,3,5,8,8,3,11,3,3,6,3,3,6,0,5,5,3,3,6,6,3,9,0,0,0,26,29,55
LGA12050,7,4,11,9,11,20,9,14,23,7,15,22,4,18,22,4,5,9,4,0,4,16,8,24,30,3,33,90,78,168
LGA12150,29,31,60,32,35,67,88,65,153,47,76,123,35,82,117,36,36,72,24,25,49,25,19,44,38,40,78,354,409,763
LGA12200,7,12,19,8,11,19,15,27,42,13,13,26,7,15,22,13,13,26,3,5,8,11,6,17,5,0,5,82,102,184
LGA12300,6,3,9,4,8,12,5,9,14,6,4,10,11,7,18,8,3,11,0,3,3,0,3,3,0,4,4,40,44,84
LGA12350,24,20,44,33,35,68,48,48,96,31,38,69,25,42,67,32,26,58,5,8,13,17,19,36,55,25,80,270,261,531
LGA12500,8,7,15,5,5,10,16,12,28,18,14,32,5,16,21,0,11,11,3,0,3,9,3,12,17,11,28,81,79,160
LGA12600,138,129,267,144,178,322,188,236,424,145,232,377,141,286,427,164,172,336,109,97,206,238,170,408,117,142,259,1384,1642,3026
LGA12700,7,11,18,9,9,18,12,9,21,9,15,24,11,12,23,19,11,30,0,6,6,14,4,18,6,4,10,87,81,168
LGA12750,38,45,83,87,62,149,117,128,245,75,85,160,53,97,150,36,53,89,29,23,52,39,48,87,57,58,115,531,599,1130
LGA12850,45,46,91,39,42,81,67,71,138,49,68,117,32,63,95,46,49,95,44,32,76,58,41,99,42,35,77,422,447,869
LGA12900,14,19,33,39,40,79,38,46,84,27,55,82,24,43,67,40,37,77,17,9,26,38,13,51,16,19,35,253,281,534
LGA12950,20,14,34,16,21,37,29,31,60,21,27,48,15,33,48,19,14,33,13,8,21,12,11,23,15,17,32,160,176,336
LGA13010,6,7,13,29,18,47,28,28,56,19,28,47,18,22,40,12,10,22,5,7,12,12,14,26,53,18,71,182,152,334
LGA13050,8,5,13,9,6,15,7,16,23,7,22,29,9,18,27,8,7,15,5,0,5,9,4,13,6,0,6,68,78,146
LGA13100,152,117,269,125,152,277,122,165,287,117,182,299,120,190,310,116,133,249,98,61,159,226,132,358,81,73,154,1157,1205,2362
LGA13310,24,22,46,30,26,56,25,32,57,26,34,60,19,41,60,25,22,47,16,11,27,33,31,64,103,16,119,301,235,536
LGA13320,38,38,76,59,64,123,68,78,146,55,88,143,51,80,131,46,40,86,24,17,41,52,20,72,30,25,55,423,450,873
LGA13340,9,9,18,3,3,6,4,6,10,13,12,25,0,10,10,6,3,9,4,0,4,11,9,20,0,5,5,50,57,107
LGA13380,57,64,121,106,113,219,160,183,343,108,127,235,68,126,194,64,60,124,27,30,57,55,35,90,43,68,111,688,806,1494
LGA13450,24,20,44,25,37,62,51,68,119,35,70,105,38,48,86,34,25,59,36,20,56,28,26,54,41,32,73,312,346,658
LGA13500,3,3,6,5,3,8,3,13,16,3,3,6,0,6,6,6,3,9,3,0,3,3,0,3,0,0,0,26,31,57
LGA13550,28,32,60,45,50,95,66,70,136,39,86,125,41,75,116,51,49,100,31,20,51,52,19,71,37,39,76,390,440,830
LGA13650,10,8,18,12,14,26,34,24,58,24,26,50,22,18,40,5,14,19,5,10,15,6,4,10,15,11,26,133,129,262
LGA13660,12,3,15,14,7,21,3,8,11,8,8,16,9,10,19,5,3,8,7,0,7,5,0,5,4,3,7,67,42,109
LGA13700,4,4,8,3,3,6,10,14,24,6,5,11,8,8,16,8,6,14,4,0,4,0,3,3,3,4,7,46,47,93
LGA13800,72,52,124,28,75,103,66,61,127,48,57,105,44,82,126,55,55,110,51,40,91,100,62,162,22,41,63,486,525,1011
LGA13850,4,3,7,5,7,12,12,5,17,5,9,14,3,7,10,7,3,10,0,3,3,8,3,11,6,4,10,50,44,94
LGA13950,24,28,52,15,28,43,39,31,70,32,48,80,18,49,67,29,34,63,26,24,50,55,37,92,26,25,51,264,304,568
LGA14000,11,29,40,17,28,45,10,27,37,8,19,27,19,23,42,14,23,37,15,12,27,62,39,101,12,14,26,168,214,382
LGA14100,13,3,16,3,0,3,0,0,0,0,5,5,3,0,3,0,0,0,0,0,0,3,3,6,3,3,6,25,14,39
LGA14150,22,15,37,7,18,25,11,21,32,12,29,41,20,30,50,20,11,31,13,11,24,36,23,59,14,10,24,155,168,323
LGA14200,31,27,58,47,43,90,66,65,131,48,50,98,34,41,75,28,34,62,12,7,19,26,16,42,39,35,74,331,318,649
LGA14250,3,0,3,0,3,3,0,3,3,0,4,4,3,3,6,3,3,6,0,3,3,0,3,3,0,0,0,9,22,31
LGA14300,11,3,14,3,6,9,6,14,20,7,17,24,4,4,8,5,8,13,0,4,4,12,4,16,195,3,198,243,63,306
LGA14350,78,57,135,90,88,178,176,174,350,161,223,384,93,150,243,49,82,131,29,39,68,57,53,110,246,101,347,979,967,1946
LGA14400,12,7,19,7,18,25,10,11,21,6,9,15,5,20,25,8,4,12,3,6,9,31,14,45,5,14,19,87,103,190
LGA14450,5,6,11,4,10,14,5,10,15,0,11,11,13,5,18,8,13,21,5,8,13,26,12,38,0,7,7,66,82,148
LGA14500,7,11,18,3,9,12,4,6,10,0,0,0,3,3,6,3,4,7,4,3,7,18,16,34,7,6,13,49,58,107
LGA14550,11,15,26,20,26,46,42,25,67,24,25,49,12,24,36,23,20,43,6,3,9,7,3,10,23,19,42,168,160,328
LGA14600,39,27,66,18,30,48,54,60,114,50,66,116,43,58,101,32,30,62,17,12,29,33,24,57,35,46,81,321,353,674
LGA14650,147,168,315,177,216,393,231,281,512,143,249,392,193,327,520,165,201,366,123,117,240,357,146,503,132,118,250,1668,1823,3491
LGA14700,9,0,9,0,3,3,0,4,4,0,3,3,0,3,3,3,3,6,4,7,11,4,11,15,3,3,6,23,37,60
LGA14750,16,24,40,20,26,46,25,27,52,16,33,49,9,31,40,21,21,42,20,13,33,24,10,34,17,13,30,168,198,366
LGA14800,10,12,22,15,19,34,29,22,51,17,54,71,13,26,39,16,24,40,18,11,29,41,48,89,11,9,20,170,225,395
LGA14850,36,42,78,78,79,157,97,109,206,74,102,176,47,103,150,53,52,105,31,37,68,48,64,112,57,55,112,521,643,1164
LGA14870,22,21,43,26,37,63,32,47,79,37,40,77,27,50,77,25,28,53,9,6,15,59,12,71,75,16,91,312,257,569
LGA14900,90,88,178,86,123,209,88,125,213,71,134,205,70,146,216,79,93,172,77,64,141,137,97,234,73,73,146,771,943,1714
LGA14920,20,22,42,22,30,52,50,47,97,26,58,84,30,58,88,46,22,68,26,11,37,24,6,30,25,15,40,269,269,538
LGA14950,3,0,3,3,5,8,7,5,12,5,0,5,5,5,10,3,0,3,3,0,3,3,0,3,0,0,0,32,15,47
LGA15050,38,71,109,84,93,177,90,112,202,68,105,173,52,133,185,57,89,146,54,48,102,149,67,216,48,49,97,640,767,1407
LGA15150,9,3,12,3,4,7,3,4,7,6,7,13,3,7,10,3,3,6,3,6,9,17,9,26,3,0,3,50,43,93
LGA15200,32,34,66,28,40,68,49,54,103,40,50,90,25,63,88,43,55,98,37,29,66,89,119,208,25,31,56,368,475,843
LGA15270,36,19,55,30,42,72,38,44,82,26,40,66,27,42,69,28,25,53,18,14,32,71,12,83,23,12,35,297,250,547
LGA15300,95,63,158,111,106,217,205,188,393,90,191,281,73,146,219,73,78,151,40,42,82,59,56,115,109,98,207,855,968,1823
LGA15350,0,0,0,0,0,0,0,4,4,0,0,0,3,3,6,0,0,0,0,0,0,6,7,13,0,0,0,9,14,23
LGA15500,5,5,10,6,12,18,25,14,39,16,19,35,5,14,19,5,9,14,8,6,14,4,5,9,7,3,10,81,87,168
LGA15550,12,5,17,3,8,11,13,14,27,9,12,21,7,20,27,14,8,22,10,4,14,11,0,11,5,3,8,84,74,158
LGA15650,25,24,49,27,33,60,22,33,55,11,35,46,15,56,71,23,33,56,15,13,28,72,20,92,59,9,68,269,256,525
LGA15700,40,30,70,41,38,79,96,93,189,72,97,169,41,77,118,25,28,53,15,14,29,23,17,40,32,31,63,385,425,810
LGA15750,32,47,79,34,58,92,78,78,156,54,71,125,43,78,121,46,53,99,15,15,30,41,20,61,39,46,85,382,466,848
LGA15800,15,13,28,9,16,25,23,28,51,25,31,56,14,31,45,25,24,49,20,8,28,19,9,28,25,11,36,175,171,346
LGA15850,39,35,74,32,39,71,51,53,104,33,52,85,39,83,122,41,51,92,32,23,55,34,39,73,34,36,70,335,411,746
LGA15900,117,82,199,129,139,268,205,207,412,131,214,345,135,239,374,118,139,257,107,107,214,271,153,424,102,97,199,1315,1377,2692
LGA15950,0,3,3,0,3,3,3,0,3,7,6,13,3,3,6,3,7,10,8,6,14,34,18,52,4,5,9,62,51,113
LGA16100,0,7,7,9,4,13,7,6,13,5,11,16,3,8,11,4,3,7,9,3,12,12,3,15,20,3,23,69,48,117
LGA16150,64,56,120,65,76,141,76,79,155,58,97,155,70,117,187,52,55,107,31,43,74,81,52,133,69,71,140,566,646,1212
LGA16180,3,11,14,7,7,14,9,3,12,3,5,8,4,7,11,4,12,16,4,9,13,26,16,42,0,3,3,60,73,133
LGA16200,29,34,63,38,50,88,48,49,97,56,80,136,30,70,100,25,27,52,22,19,41,55,30,85,36,29,65,339,388,727
LGA16250,42,29,71,38,44,82,66,64,130,63,68,131,47,71,118,49,44,93,32,40,72,84,74,158,121,37,158,542,471,1013
LGA16350,156,169,325,152,192,344,149,198,347,130,210,340,137,252,389,172,208,380,166,139,305,366,254,620,210,182,392,1638,1804,3442
LGA16370,7,9,16,7,16,23,6,8,14,9,4,13,7,4,11,8,7,15,7,0,7,30,28,58,7,0,7,88,76,164
LGA16380,71,50,121,77,98,175,117,117,234,85,124,209,81,149,230,78,80,158,51,38,89,91,59,150,58,41,99,709,756,1465
LGA16400,76,76,152,74,94,168,90,113,203,80,109,189,77,137,214,76,84,160,47,33,80,119,66,185,42,35,77,681,747,1428
LGA16470,33,27,60,28,33,61,33,45,78,25,37,62,24,52,76,32,52,84,34,31,65,87,100,187,30,18,48,326,395,721
LGA16550,48,36,84,46,55,101,67,94,161,48,100,148,48,84,132,52,67,119,40,43,83,116,114,230,225,57,282,690,650,1340
LGA16610,33,42,75,46,60,106,89,66,155,53,73,126,41,66,107,36,56,92,26,15,41,28,30,58,69,64,133,421,472,893
LGA16650,16,24,40,17,12,29,18,19,37,7,18,25,15,27,42,27,20,47,18,21,39,61,48,109,16,11,27,195,200,395
LGA16700,7,10,17,8,6,14,7,14,21,12,17,29,16,22,38,19,17,36,13,11,24,39,28,67,0,14,14,121,139,260
LGA16900,54,81,135,62,64,126,80,78,158,55,77,132,57,96,153,52,56,108,45,37,82,105,50,155,52,54,106,562,593,1155
LGA16950,131,125,256,168,158,326,232,227,459,155,216,371,122,214,336,152,120,272,83,71,154,131,118,249,166,87,253,1340,1336,2676
LGA17000,26,42,68,16,28,44,26,27,53,16,38,54,19,40,59,29,23,52,20,10,30,90,26,116,20,22,42,262,256,518
LGA17050,7,0,7,0,0,0,3,3,6,3,0,3,4,5,9,0,3,3,5,3,8,11,3,14,3,3,6,36,20,56
LGA17100,7,5,12,4,3,7,0,3,3,5,5,10,3,3,6,6,0,6,4,6,10,10,8,18,3,0,3,42,33,75
LGA17150,61,46,107,53,77,130,59,69,128,44,55,99,57,81,138,62,75,137,53,45,98,210,111,321,35,36,71,634,595,1229
LGA17200,44,52,96,95,100,195,160,131,291,100,129,229,67,97,164,66,72,138,61,49,110,198,157,355,78,69,147,869,856,1725
LGA17310,129,115,244,145,151,296,208,232,440,161,250,411,147,257,404,169,182,351,111,67,178,167,118,285,135,117,252,1372,1489,2861
LGA17350,3,0,3,4,4,8,13,12,25,4,5,9,3,5,8,0,5,5,4,0,4,4,0,4,3,3,6,38,34,72
LGA17400,6,9,15,20,14,34,39,43,82,27,34,61,11,22,33,4,10,14,6,0,6,4,3,7,8,14,22,125,149,274
LGA17420,23,32,55,20,17,37,17,19,36,16,25,41,8,38,46,12,23,35,15,20,35,82,54,136,5,11,16,198,239,437
LGA17450,0,3,3,4,3,7,7,3,10,0,3,3,0,0,0,3,0,3,4,0,4,5,3,8,17,3,20,40,18,58
LGA17500,10,16,26,19,16,35,23,29,52,13,36,49,10,31,41,21,16,37,6,3,9,14,12,26,8,17,25,124,176,300
LGA17550,92,78,170,100,109,209,130,134,264,114,138,252,100,172,272,92,105,197,65,47,112,123,98,221,88,50,138,904,931,1835
LGA17620,20,13,33,19,19,38,18,19,37,18,23,41,16,22,38,17,19,36,14,16,30,34,12,46,9,10,19,165,153,318
LGA17640,4,8,12,7,3,10,3,11,14,3,10,13,3,3,6,3,0,3,3,0,3,5,5,10,3,3,6,34,43,77
LGA17650,10,9,19,13,20,33,16,20,36,16,13,29,18,18,36,17,13,30,12,3,15,7,9,16,11,13,24,120,118,238
LGA17700,0,0,0,0,0,0,3,6,9,0,3,3,0,3,3,3,0,3,3,0,3,4,0,4,0,0,0,13,12,25
LGA17750,89,62,151,80,100,180,117,128,245,70,133,203,86,150,236,102,88,190,70,57,127,115,90,205,65,60,125,794,868,1662
LGA17800,3,3,6,9,4,13,4,4,8,3,7,10,0,6,6,4,5,9,3,0,3,3,4,7,6,8,14,35,41,76
LGA17850,6,6,12,12,9,21,9,21,30,7,14,21,8,3,11,5,8,13,0,0,0,5,0,5,6,11,17,58,72,130
LGA17900,36,41,77,87,75,162,112,105,217,83,100,183,73,102,175,52,55,107,25,22,47,34,61,95,81,76,157,583,637,1220
LGA17950,4,9,13,13,15,28,14,31,45,25,32,57,10,24,34,10,11,21,4,4,8,5,3,8,13,10,23,98,139,237
LGA18000,19,30,49,7,17,24,17,21,38,4,16,20,20,31,51,24,23,47,26,19,45,73,50,123,14,17,31,204,224,428
LGA18020,25,26,51,27,30,57,60,59,119,33,65,98,31,45,76,19,15,34,9,5,14,17,14,31,19,22,41,240,281,521
LGA18050,7,3,10,7,11,18,5,4,9,4,12,16,11,9,20,7,5,12,7,7,14,41,40,81,6,0,6,95,91,186
LGA18100,4,3,7,0,0,0,0,5,5,5,0,5,3,3,6,3,3,6,0,0,0,3,3,6,8,0,8,26,17,43
LGA18150,40,36,76,54,47,101,80,81,161,60,87,147,52,77,129,34,47,81,21,25,46,44,36,80,284,62,346,669,498,1167
LGA18200,20,22,42,29,32,61,49,41,90,40,46,86,30,51,81,14,18,32,5,12,17,12,14,26,15,17,32,214,253,467
LGA18250,4,11,15,0,3,3,4,3,7,0,3,3,9,7,16,8,3,11,8,4,12,12,16,28,8,3,11,53,53,106
LGA18350,27,29,56,21,28,49,23,32,55,21,36,57,28,43,71,29,28,57,18,9,27,53,27,80,11,36,47,231,268,499
LGA18400,27,35,62,21,47,68,24,33,57,28,37,65,34,50,84,28,38,66,32,26,58,79,47,126,23,16,39,296,329,625
LGA18450,126,131,257,143,173,316,211,233,444,131,211,342,126,237,363,135,147,282,83,70,153,251,142,393,94,87,181,1300,1431,2731
LGA18500,9,6,15,3,3,6,3,3,6,3,3,6,3,3,6,3,8,11,3,3,6,16,14,30,3,4,7,46,47,93
LGA18550,163,141,304,180,229,409,219,234,453,140,249,389,156,314,470,177,215,392,140,108,248,269,169,438,128,107,235,1572,1766,3338
LGA18710,16,3,19,13,4,17,9,18,27,9,4,13,7,14,21,13,12,25,10,5,15,22,10,32,4,4,8,103,74,177
LGA18750,9,11,20,9,17,26,21,24,45,14,20,34,13,19,32,9,8,17,3,4,7,13,0,13,14,12,26,105,115,220
LGA19399,0,0,0,4,0,4,3,0,3,4,3,7,0,4,4,0,0,0,0,0,0,8,0,8,3,3,6,22,10,32
LGA19499,27,25,52,66,43,109,116,71,187,87,61,148,23,46,69,21,12,33,13,4,17,18,4,22,67,38,105,438,304,742
LGA20110,3,0,3,3,3,6,4,4,8,0,4,4,5,0,5,3,0,3,6,0,6,6,0,6,3,3,6,33,14,47
LGA20260,4,3,7,0,4,4,4,3,7,4,3,7,0,5,5,3,4,7,9,0,9,0,4,4,19,4,23,43,30,73
LGA20570,46,36,82,37,43,80,50,65,115,40,58,98,26,65,91,32,39,71,26,17,43,47,36,83,33,27,60,337,386,723
LGA20660,20,15,35,16,27,43,19,30,49,14,22,36,14,30,44,23,25,48,13,10,23,51,25,76,11,33,44,181,217,398
LGA20740,5,3,8,5,6,11,11,10,21,6,16,22,5,13,18,5,7,12,4,6,10,9,3,12,8,11,19,58,75,133
LGA20830,7,10,17,17,12,29,12,14,26,7,23,30,15,27,42,18,8,26,10,4,14,19,13,32,12,21,33,117,132,249
LGA20910,8,10,18,4,5,9,3,11,14,8,5,13,7,4,11,3,6,9,3,4,7,11,13,24,3,8,11,50,66,116
LGA21010,7,5,12,5,8,13,11,11,22,6,9,15,0,9,9,4,7,11,3,7,10,8,3,11,4,3,7,48,62,110
LGA21110,14,14,28,4,8,12,10,8,18,9,3,12,11,8,19,6,12,18,5,8,13,26,23,49,6,9,15,91,93,184
LGA21180,21,24,45,20,27,47,27,26,53,23,23,46,21,40,61,24,43,67,21,12,33,36,25,61,27,28,55,220,248,468
LGA21270,3,4,7,0,0,0,0,7,7,8,0,8,4,0,4,0,0,0,0,0,0,0,0,0,0,0,0,15,11,26
LGA21370,28,18,46,27,25,52,38,37,75,28,50,78,23,38,61,32,31,63,17,12,29,27,16,43,31,27,58,251,254,505
LGA21450,9,14,23,8,20,28,9,15,24,9,16,25,17,23,40,18,13,31,19,7,26,29,20,49,11,8,19,129,136,265
LGA21610,58,51,109,29,54,83,38,52,90,32,64,96,42,63,105,58,49,107,36,22,58,86,42,128,42,42,84,421,439,860
LGA21670,10,5,15,10,4,14,14,11,25,4,14,18,3,8,11,4,0,4,0,0,0,4,0,4,7,4,11,56,46,102
LGA21750,12,4,16,6,9,15,3,11,14,13,12,25,8,13,21,6,10,16,3,3,6,11,0,11,4,0,4,66,62,128
LGA21830,5,3,8,10,3,13,5,4,9,4,3,7,3,7,10,4,11,15,9,0,9,4,4,8,0,5,5,44,40,84
LGA21890,24,30,54,29,24,53,67,55,122,33,71,104,43,77,120,43,48,91,33,33,66,76,71,147,34,42,76,382,451,833
LGA22110,36,22,58,30,48,78,86,71,157,52,89,141,36,64,100,43,41,84,26,19,45,36,14,50,66,57,123,411,425,836
LGA22170,17,32,49,28,38,66,34,40,74,33,37,70,21,68,89,35,52,87,25,22,47,72,42,114,22,23,45,287,354,641
LGA22250,3,4,7,3,5,8,8,13,21,5,11,16,6,12,18,6,4,10,3,0,3,3,0,3,3,8,11,40,57,97
LGA22310,6,12,18,5,6,11,10,11,21,4,14,18,8,15,23,14,4,18,12,3,15,13,21,34,9,3,12,81,89,170
LGA22410,11,11,22,11,18,29,16,20,36,10,21,31,7,22,29,22,16,38,7,5,12,22,13,35,11,8,19,117,134,251
LGA22490,3,5,8,0,5,5,4,8,12,4,4,8,0,6,6,3,3,6,3,3,6,9,7,16,5,5,10,31,46,77
LGA22620,50,43,93,47,49,96,63,74,137,47,75,122,46,74,120,55,54,109,27,28,55,58,41,99,30,33,63,423,471,894
LGA22670,14,20,34,14,17,31,20,29,49,9,21,30,24,28,52,19,17,36,18,6,24,7,8,15,26,23,49,151,169,320
LGA22750,51,40,91,50,70,120,69,106,175,39,72,111,44,85,129,43,58,101,37,30,67,107,64,171,93,57,150,533,582,1115
LGA22830,48,43,91,64,74,138,105,113,218,70,90,160,49,124,173,73,81,154,50,46,96,45,39,84,85,82,167,589,692,1281
LGA22910,4,0,4,0,8,8,11,3,14,4,4,8,3,4,7,3,5,8,3,3,6,4,3,7,0,0,0,32,30,62
LGA22980,0,0,0,5,0,5,4,7,11,6,13,19,0,5,5,3,3,6,5,3,8,0,4,4,0,0,0,23,35,58
LGA23110,12,16,28,10,16,26,16,20,36,9,14,23,18,15,33,7,19,26,21,8,29,34,24,58,19,9,28,146,141,287
LGA23190,8,6,14,9,9,18,17,17,34,13,18,31,12,13,25,8,13,21,6,3,9,15,6,21,10,8,18,98,93,191
LGA23270,34,36,70,34,35,69,35,40,75,28,45,73,29,50,79,41,44,85,38,20,58,71,42,113,24,30,54,334,342,676
LGA23350,5,8,13,6,6,12,3,7,10,3,4,7,3,11,14,5,5,10,6,3,9,4,6,10,8,0,8,43,50,93
LGA23430,12,9,21,16,15,31,7,12,19,10,13,23,19,19,38,20,20,40,10,9,19,36,34,70,10,8,18,140,139,279
LGA23670,27,16,43,15,10,25,7,27,34,11,17,28,21,17,38,28,21,49,14,12,26,49,14,63,8,10,18,180,144,324
LGA23810,31,25,56,36,44,80,64,53,117,39,52,91,17,46,63,25,32,57,12,23,35,50,26,76,36,30,66,310,331,641
LGA23940,0,6,6,4,7,11,5,9,14,6,6,12,3,3,6,3,8,11,0,0,0,0,0,0,5,0,5,26,39,65
LGA24130,13,11,24,9,4,13,4,13,17,7,7,14,5,4,9,4,8,12,3,3,6,17,13,30,5,0,5,67,63,130
LGA24210,10,6,16,8,4,12,5,3,8,6,7,13,3,9,12,4,10,14,3,4,7,14,10,24,3,3,6,56,56,112
LGA24250,4,3,7,0,6,6,0,3,3,0,3,3,5,3,8,0,3,3,4,0,4,3,0,3,3,3,6,19,24,43
LGA24330,3,6,9,16,11,27,16,19,35,20,12,32,10,15,25,11,9,20,7,12,19,36,24,60,11,11,22,130,119,249
LGA24410,14,15,29,7,21,28,10,16,26,13,21,34,13,21,34,13,17,30,15,4,19,34,16,50,9,12,21,128,143,271
LGA24600,16,10,26,10,9,19,12,13,25,11,4,15,12,4,16,17,6,23,5,6,11,49,23,72,20,4,24,152,79,231
LGA24650,26,26,52,22,25,47,25,36,61,14,29,43,12,40,52,28,25,53,22,16,38,46,21,67,67,31,98,262,249,511
LGA24780,36,47,83,62,87,149,76,111,187,50,109,159,40,98,138,44,56,100,30,20,50,31,34,65,61,55,116,430,617,1047
LGA24850,19,10,29,13,14,27,18,10,28,11,19,30,10,17,27,12,8,20,11,13,24,38,13,51,11,14,25,143,118,261
LGA24900,25,18,43,15,15,30,15,25,40,16,20,36,19,25,44,9,11,20,6,10,16,20,8,28,7,5,12,132,137,269
LGA24970,17,12,29,20,17,37,8,17,25,8,20,28,12,9,21,14,14,28,8,13,21,30,16,46,6,7,13,123,125,248
LGA25060,16,15,31,7,12,19,8,8,16,8,19,27,7,13,20,16,19,35,15,7,22,32,18,50,9,7,16,118,118,236
LGA25150,11,11,22,5,6,11,6,4,10,6,6,12,7,16,23,8,8,16,9,6,15,30,10,40,11,11,22,93,78,171
LGA25250,13,17,30,21,21,42,33,43,76,32,44,76,21,40,61,23,15,38,19,16,35,65,46,111,17,11,28,244,253,497
LGA25340,31,36,67,41,45,86,25,44,69,30,33,63,35,60,95,45,39,84,25,20,45,59,25,84,21,22,43,312,324,636
LGA25430,8,3,11,6,3,9,3,12,15,11,7,18,3,4,7,7,3,10,0,3,3,11,4,15,25,4,29,74,43,117
LGA25490,3,4,7,4,8,12,8,9,17,11,14,25,7,11,18,3,6,9,6,4,10,8,0,8,3,6,9,53,62,115
LGA25620,6,4,10,5,6,11,0,10,10,3,6,9,0,5,5,6,0,6,6,3,9,6,3,9,5,3,8,37,40,77
LGA25710,9,9,18,7,9,16,3,11,14,8,10,18,7,10,17,4,6,10,12,3,15,16,14,30,0,0,0,66,72,138
LGA25810,3,3,6,8,3,11,5,10,15,5,11,16,4,10,14,9,3,12,0,0,0,5,3,8,7,3,10,46,46,92
LGA25900,9,3,12,5,4,9,21,20,41,16,15,31,4,11,15,13,8,21,6,12,18,47,39,86,13,4,17,134,116,250
LGA25990,3,0,3,3,0,3,3,4,7,0,8,8,3,3,6,0,0,0,3,0,3,0,3,3,6,0,6,21,18,39
LGA26080,0,0,0,0,4,4,3,0,3,0,0,0,3,0,3,0,5,5,0,0,0,0,0,0,0,0,0,6,9,15
LGA26170,7,7,14,8,8,16,5,13,18,5,7,12,12,14,26,7,4,11,6,0,6,6,9,15,6,5,11,62,67,129
LGA26260,0,4,4,0,10,10,9,13,22,12,14,26,5,11,16,5,3,8,0,0,0,5,3,8,5,0,5,41,58,99
LGA26350,0,5,5,4,3,7,7,5,12,6,3,9,6,3,9,15,6,21,11,9,20,30,22,52,4,8,12,83,64,147
LGA26430,3,5,8,3,3,6,8,0,8,3,3,6,3,6,9,5,7,12,0,0,0,0,0,0,6,4,10,31,28,59
LGA26490,3,5,8,5,9,14,3,5,8,4,7,11,0,12,12,4,5,9,3,0,3,9,5,14,0,4,4,31,52,83
LGA26610,16,17,33,26,45,71,29,51,80,31,48,79,26,56,82,27,34,61,10,12,22,20,12,32,27,36,63,212,311,523
LGA26670,4,0,4,0,0,0,5,7,12,4,7,11,4,5,9,0,0,0,0,0,0,5,0,5,5,6,11,27,25,52
LGA26700,4,6,10,13,12,25,12,15,27,4,16,20,13,10,23,12,8,20,6,5,11,3,8,11,9,8,17,76,88,164
LGA26730,13,12,25,18,20,38,27,32,59,17,19,36,19,20,39,16,13,29,9,7,16,28,7,35,12,17,29,159,147,306
LGA26810,19,22,41,13,21,34,22,27,49,16,26,42,10,22,32,13,12,25,11,5,16,34,13,47,68,20,88,206,168,374
LGA26890,0,0,0,7,0,7,0,5,5,4,4,8,0,0,0,0,0,0,0,0,0,0,0,0,0,3,3,11,12,23
LGA26980,12,15,27,8,13,21,11,10,21,6,18,24,6,18,24,15,10,25,10,6,16,26,21,47,10,9,19,104,120,224
LGA27070,40,37,77,19,37,56,26,54,80,33,46,79,29,64,93,39,41,80,36,37,73,80,33,113,22,26,48,324,375,699
LGA27170,10,15,25,16,30,46,32,39,71,20,35,55,13,43,56,25,22,47,16,3,19,23,13,36,27,14,41,182,214,396
LGA27260,31,48,79,23,41,64,33,33,66,23,36,59,23,55,78,37,37,74,40,36,76,76,34,110,71,25,96,357,345,702
LGA27350,7,6,13,12,11,23,16,15,31,19,22,41,14,18,32,9,18,27,14,7,21,29,26,55,11,15,26,131,138,269
LGA27450,34,49,83,19,48,67,39,39,78,31,49,80,24,47,71,31,37,68,38,20,58,74,32,106,19,18,37,309,339,648
LGA27630,4,0,4,4,5,9,3,3,6,9,6,15,3,4,7,0,3,3,0,3,3,3,0,3,0,3,3,26,27,53
LGA29399,0,0,0,0,0,0,0,0,0,0,0,0,0,0,0,0,0,0,3,0,3,3,0,3,0,0,0,6,0,6
LGA29499,24,8,32,30,13,43,35,29,64,31,18,49,6,6,12,5,3,8,5,0,5,5,3,8,9,5,14,150,85,235
LGA30250,31,19,50,53,61,114,183,170,353,47,59,106,13,20,33,6,3,9,0,3,3,3,5,8,66,70,136,402,410,812
LGA30300,17,24,41,23,24,47,30,38,68,17,44,61,30,53,83,24,23,47,19,19,38,35,18,53,25,15,40,220,258,478
LGA30370,14,20,34,13,22,35,11,21,32,19,26,45,22,31,53,11,17,28,9,8,17,53,22,75,11,18,29,163,185,348
LGA30410,9,6,15,5,4,9,3,10,13,4,10,14,3,10,13,8,12,20,4,4,8,15,5,20,10,0,10,61,61,122
LGA30450,0,0,0,0,3,3,0,0,0,3,3,6,3,0,3,0,0,0,3,0,3,3,5,8,0,0,0,12,11,23
LGA30760,3,3,6,4,5,9,0,8,8,4,3,7,7,6,13,4,0,4,0,3,3,7,0,7,0,4,4,29,32,61
LGA30900,6,7,13,3,0,3,14,15,29,6,16,22,8,11,19,5,3,8,4,0,4,9,0,9,3,5,8,58,57,115
LGA31000,441,389,830,401,476,877,625,642,1267,426,610,1036,467,792,1259,528,584,1112,460,378,838,1090,855,1945,617,362,979,5055,5088,10143
LGA31750,0,0,0,0,0,0,0,0,0,3,3,6,3,3,6,3,4,7,0,0,0,4,4,8,3,0,3,16,14,30
LGA31820,86,76,162,86,104,190,156,151,307,102,167,269,85,172,257,77,89,166,57,39,96,97,58,155,85,70,155,831,926,1757
LGA31900,31,30,61,25,31,56,39,46,85,23,60,83,23,57,80,22,31,53,18,17,35,41,14,55,14,23,37,236,309,545
LGA31950,3,0,3,3,3,6,7,6,13,6,4,10,0,3,3,4,9,13,7,3,10,24,11,35,4,5,9,58,44,102
LGA32070,448,401,849,351,400,751,632,704,1336,383,694,1077,377,857,1234,408,524,932,280,316,596,584,544,1128,486,458,944,3949,4898,8847
LGA32250,15,19,34,19,41,60,45,30,75,21,33,54,22,31,53,43,39,82,10,17,27,31,19,50,33,52,85,239,281,520
LGA32260,64,67,131,50,70,120,119,153,272,71,131,202,104,171,275,120,104,224,65,41,106,80,51,131,82,82,164,755,870,1625
LGA32270,22,40,62,25,26,51,23,35,58,15,35,50,28,37,65,30,30,60,27,19,46,153,42,195,26,22,48,349,286,635
LGA32310,45,34,79,18,39,57,46,41,87,35,51,86,25,46,71,22,22,44,18,16,34,58,26,84,26,38,64,293,313,606
LGA32330,25,27,52,65,49,114,122,136,258,68,99,167,24,46,70,18,23,41,9,11,20,12,11,23,0,3,3,343,405,748
LGA32450,16,28,44,24,20,44,35,44,79,11,30,41,22,26,48,23,25,48,30,5,35,55,31,86,22,28,50,238,237,475
LGA32500,26,16,42,15,21,36,61,57,118,26,44,70,27,42,69,28,25,53,10,15,25,22,24,46,41,45,86,256,289,545
LGA32600,3,6,9,0,5,5,3,3,6,3,3,6,7,6,13,0,0,0,0,0,0,0,0,0,6,4,10,22,27,49
LGA32750,3,4,7,0,0,0,10,0,10,0,3,3,3,3,6,3,6,9,3,3,6,11,3,14,0,3,3,33,25,58
LGA32770,39,19,58,40,31,71,139,166,305,29,48,77,42,44,86,30,28,58,19,11,30,14,3,17,4,8,12,356,358,714
LGA33100,4,3,7,0,0,0,3,0,3,0,0,0,3,3,6,0,3,3,0,0,0,3,3,6,0,0,0,13,12,25
LGA33200,0,0,0,3,6,9,6,8,14,8,5,13,5,8,13,4,4,8,4,3,7,5,0,5,4,3,7,39,37,76
LGA33220,83,76,159,102,121,223,179,175,354,103,158,261,97,179,276,89,99,188,48,54,102,96,78,174,217,58,275,1014,998,2012
LGA33360,48,84,132,49,82,131,69,86,155,34,73,107,39,104,143,50,72,122,37,40,77,241,59,300,37,32,69,604,632,1236
LGA33430,178,189,367,188,231,419,254,270,524,165,264,429,192,325,517,266,266,532,198,151,349,405,227,632,123,108,231,1969,2031,4000
LGA33610,15,11,26,18,16,34,11,43,54,16,30,46,14,27,41,15,22,37,9,3,12,16,4,20,10,14,24,124,170,294
LGA33620,41,24,65,37,57,94,55,69,124,38,55,93,44,68,112,32,31,63,22,10,32,45,21,66,27,26,53,341,361,702
LGA33800,27,14,41,23,22,45,32,33,65,30,38,68,32,38,70,18,25,43,18,5,23,22,10,32,29,22,51,231,207,438
LGA33830,25,19,44,50,30,80,110,89,199,46,60,106,37,38,75,23,29,52,10,10,20,21,12,33,16,12,28,338,299,637
LGA33960,181,162,343,189,225,414,229,249,478,133,266,399,167,347,514,168,226,394,169,127,296,332,201,533,259,116,375,1827,1919,3746
LGA33980,17,27,44,4,24,28,5,14,19,6,15,21,5,22,27,10,25,35,12,13,25,130,43,173,16,9,25,205,192,397
LGA34420,20,17,37,39,48,87,128,149,277,24,72,96,44,31,75,38,19,57,12,3,15,6,3,9,4,0,4,315,342,657
LGA34570,19,11,30,12,11,23,49,57,106,11,29,40,20,25,45,14,13,27,8,3,11,3,8,11,3,5,8,139,162,301
LGA34580,24,21,45,26,47,73,45,52,97,21,47,68,30,55,85,32,30,62,23,11,34,37,19,56,16,12,28,254,294,548
LGA34590,234,230,464,204,271,475,266,364,630,192,316,508,188,412,600,287,309,596,200,148,348,390,251,641,153,176,329,2114,2477,4591
LGA34710,5,9,14,3,7,10,6,9,15,3,18,21,10,15,25,5,10,15,9,8,17,14,10,24,10,5,15,65,91,156
LGA34770,120,169,289,109,182,291,105,182,287,103,195,298,109,253,362,149,176,325,159,80,239,504,151,655,119,117,236,1477,1505,2982
LGA34800,0,0,0,0,0,0,3,0,3,3,0,3,0,4,4,0,0,0,0,0,0,10,4,14,3,0,3,19,8,27
LGA34830,11,5,16,5,9,14,42,28,70,11,22,33,11,9,20,6,11,17,5,3,8,0,3,3,0,0,0,91,90,181
LGA34860,31,37,68,13,30,43,29,38,67,41,44,85,36,50,86,46,35,81,27,19,46,59,27,86,22,21,43,304,301,605
LGA35010,246,232,478,270,304,574,256,352,608,211,406,617,228,485,713,285,297,582,230,155,385,486,291,777,252,159,411,2464,2681,5145
LGA35250,29,39,68,26,22,48,105,152,257,40,51,91,21,31,52,22,9,31,7,11,18,13,8,21,11,11,22,274,334,608
LGA35300,82,112,194,48,75,123,116,129,245,76,150,226,77,193,270,62,98,160,43,62,105,307,140,447,115,92,207,926,1051,1977
LGA35600,12,16,28,5,15,20,19,22,41,20,36,56,22,35,57,15,13,28,9,10,19,24,21,45,18,10,28,144,178,322
LGA35670,40,30,70,36,29,65,106,117,223,15,31,46,16,19,35,23,21,44,11,7,18,14,10,24,8,4,12,269,268,537
LGA35760,18,16,34,22,22,44,31,33,64,29,43,72,29,39,68,26,13,39,5,7,12,13,6,19,15,14,29,188,193,381
LGA35780,112,82,194,34,37,71,111,96,207,41,97,138,73,106,179,73,118,191,32,45,77,43,40,83,30,34,64,549,655,1204
LGA35790,53,40,93,77,59,136,346,235,581,90,131,221,62,111,173,64,75,139,24,32,56,21,25,46,17,14,31,754,722,1476
LGA35800,19,17,36,11,6,17,23,32,55,14,33,47,17,34,51,19,21,40,16,12,28,16,16,32,23,15,38,158,186,344
LGA36070,14,14,28,24,25,49,64,85,149,39,38,77,23,29,52,27,20,47,6,4,10,12,5,17,3,3,6,212,223,435
LGA36150,4,4,8,3,3,6,3,6,9,3,5,8,7,5,12,8,3,11,3,0,3,7,3,10,5,5,10,43,34,77
LGA36250,79,70,149,87,119,206,79,99,178,79,139,218,70,153,223,94,109,203,72,64,136,179,91,270,44,41,85,783,885,1668
LGA36300,0,5,5,4,4,8,0,0,0,0,0,0,7,4,11,3,5,8,0,5,5,0,3,3,0,0,0,14,26,40
LGA36360,167,192,359,148,175,323,215,256,471,136,290,426,154,293,447,190,214,404,125,125,250,324,172,496,280,150,430,1739,1867,3606
LGA36510,23,28,51,33,32,65,25,43,68,26,49,75,39,51,90,29,34,63,21,17,38,50,17,67,29,18,47,275,289,564
LGA36580,24,17,41,14,16,30,26,26,52,27,29,56,18,35,53,15,22,37,12,12,24,21,15,36,10,8,18,167,180,347
LGA36630,39,30,69,44,40,84,61,77,138,59,69,128,33,66,99,37,41,78,26,21,47,37,35,72,37,37,74,373,416,789
LGA36660,33,32,65,42,38,80,40,64,104,38,66,104,39,71,110,44,37,81,20,18,38,27,11,38,22,22,44,305,359,664
LGA36710,151,150,301,163,172,335,161,193,354,127,201,328,147,266,413,165,162,327,134,98,232,275,145,420,76,77,153,1399,1464,2863
LGA36810,116,125,241,129,143,272,253,267,520,171,268,439,120,219,339,109,100,209,47,57,104,96,69,165,534,139,673,1575,1387,2962
LGA36910,149,155,304,124,155,279,180,207,387,139,249,388,152,278,430,165,192,357,120,110,230,250,134,384,140,128,268,1419,1608,3027
LGA36950,81,60,141,27,32,59,73,71,144,42,63,105,75,102,177,71,104,175,52,81,133,105,125,230,76,89,165,602,727,1329
LGA36960,91,70,161,68,54,122,453,377,830,91,226,317,129,228,357,171,123,294,44,39,83,59,46,105,68,58,126,1174,1221,2395
LGA37010,302,360,662,286,343,629,337,401,738,213,423,636,255,527,782,282,368,650,242,257,499,654,397,1051,630,367,997,3201,3443,6644
LGA37300,14,21,35,3,13,16,0,7,7,4,11,15,9,18,27,12,14,26,19,12,31,98,59,157,24,26,50,183,181,364
LGA37310,28,23,51,31,62,93,57,62,119,63,71,134,33,80,113,38,52,90,31,28,59,72,28,100,33,33,66,386,439,825
LGA37340,35,26,61,38,49,87,47,60,107,39,56,95,48,85,133,48,62,110,35,30,65,104,24,128,33,15,48,427,407,834
LGA37400,0,3,3,0,5,5,6,8,14,4,3,7,7,6,13,6,5,11,4,0,4,8,7,15,7,3,10,42,40,82
LGA37550,22,16,38,43,49,92,91,90,181,25,52,77,21,41,62,19,21,40,8,11,19,7,10,17,12,15,27,248,305,553
LGA37570,11,0,11,20,23,43,39,46,85,6,12,18,7,15,22,9,5,14,0,5,5,0,0,0,3,0,3,95,106,201
LGA37600,48,47,95,149,84,233,345,237,582,67,146,213,43,139,182,57,67,124,13,28,41,17,19,36,8,6,14,747,773,1520
LGA39399,0,0,0,0,0,0,0,0,0,3,0,3,3,0,3,0,0,0,3,0,3,3,0,3,0,0,0,12,0,12
LGA39499,36,17,53,45,26,71,87,65,152,67,33,100,27,26,53,13,9,22,4,10,14,29,9,38,59,33,92,367,228,595
LGA40070,6,3,9,4,6,10,16,14,30,16,10,26,5,11,16,0,5,5,3,7,10,9,10,19,61,6,67,120,72,192
LGA40120,18,8,26,10,13,23,6,4,10,4,6,10,6,3,9,9,6,15,3,7,10,22,8,30,3,8,11,81,63,144
LGA40220,13,11,24,10,18,28,13,20,33,8,9,17,7,15,22,6,12,18,12,3,15,3,7,10,9,4,13,81,99,180
LGA40250,50,59,109,109,116,225,305,323,628,103,139,242,45,65,110,29,29,58,13,9,22,14,8,22,44,38,82,712,786,1498
LGA40310,6,8,14,3,4,7,8,5,13,6,6,12,3,8,11,7,4,11,6,3,9,9,0,9,0,4,4,48,42,90
LGA40430,0,0,0,0,0,0,4,3,7,0,4,4,3,0,3,0,0,0,0,0,0,4,0,4,0,3,3,11,10,21
LGA40520,6,13,19,25,21,46,19,19,38,12,30,42,22,19,41,9,14,23,7,7,14,9,10,19,26,20,46,135,153,288
LGA40700,3,4,7,8,5,13,8,16,24,5,6,11,6,4,10,7,6,13,0,0,0,13,7,20,8,3,11,58,51,109
LGA40910,12,4,16,13,9,22,6,9,15,9,10,19,4,15,19,11,10,21,4,6,10,12,13,25,3,5,8,74,81,155
LGA41010,22,30,52,30,26,56,69,76,145,22,35,57,34,46,80,18,25,43,9,26,35,36,28,64,28,24,52,268,316,584
LGA41060,30,20,50,51,45,96,73,76,149,55,96,151,35,58,93,45,50,95,41,32,73,62,62,124,31,41,72,423,480,903
LGA41140,4,5,9,0,4,4,3,0,3,7,9,16,4,3,7,0,3,3,6,0,6,4,0,4,4,3,7,32,27,59
LGA41190,0,0,0,0,0,0,0,0,0,0,0,0,3,0,3,3,0,3,0,3,3,0,0,0,0,0,0,6,3,9
LGA41330,4,10,14,10,8,18,14,24,38,12,6,18,7,16,23,0,11,11,0,10,10,15,7,22,23,24,47,85,116,201
LGA41560,6,3,9,12,7,19,13,19,32,5,20,25,11,8,19,8,12,20,5,5,10,7,4,11,14,7,21,81,85,166
LGA41750,3,0,3,0,3,3,0,0,0,0,0,0,0,0,0,0,3,3,3,0,3,0,0,0,0,0,0,6,6,12
LGA41830,7,6,13,0,10,10,11,12,23,6,9,15,5,14,19,3,9,12,5,0,5,15,4,19,3,7,10,55,71,126
LGA41960,0,0,0,0,0,0,0,0,0,0,0,0,3,0,3,3,0,3,0,0,0,0,4,4,0,0,0,6,4,10
LGA42030,10,6,16,9,12,21,11,13,24,10,12,22,4,17,21,6,9,15,10,9,19,16,11,27,8,9,17,84,98,182
LGA42110,0,4,4,4,5,9,5,4,9,0,6,6,0,4,4,0,3,3,0,0,0,6,0,6,4,0,4,19,26,45
LGA42250,0,5,5,0,7,7,0,3,3,3,3,6,8,3,11,9,3,12,3,3,6,0,3,3,20,0,20,43,30,73
LGA42600,7,4,11,9,8,17,6,7,13,3,15,18,7,9,16,7,8,15,3,4,7,16,14,30,3,4,7,61,73,134
LGA42750,4,3,7,0,3,3,0,3,3,0,5,5,3,5,8,3,0,3,3,0,3,0,0,0,0,0,0,13,19,32
LGA43080,0,3,3,0,0,0,0,0,0,3,0,3,0,0,0,0,3,3,0,0,0,3,0,3,0,0,0,6,6,12
LGA43220,0,3,3,0,0,0,0,0,0,0,3,3,0,0,0,0,0,0,0,0,0,3,0,3,3,0,3,6,6,12
LGA43360,3,0,3,0,3,3,3,0,3,3,0,3,0,3,3,3,0,3,0,3,3,0,3,3,3,0,3,15,12,27
LGA43650,3,5,8,3,3,6,11,6,17,3,7,10,6,6,12,0,3,3,7,0,7,5,3,8,0,5,5,38,38,76
LGA43710,3,3,6,6,7,13,3,3,6,4,7,11,3,7,10,3,3,6,3,3,6,4,3,7,15,7,22,44,43,87
LGA43790,11,6,17,6,14,20,13,10,23,9,11,20,6,13,19,10,4,14,0,0,0,7,3,10,8,3,11,70,64,134
LGA43920,5,3,8,8,3,11,4,4,8,3,8,11,3,15,18,5,5,10,3,5,8,16,10,26,5,0,5,52,53,105
LGA44000,0,0,0,10,8,18,7,6,13,3,4,7,0,6,6,0,0,0,0,0,0,0,0,0,0,0,0,20,24,44
LGA44060,25,12,37,22,31,53,46,47,93,30,61,91,23,52,75,20,28,48,19,18,37,56,33,89,16,15,31,257,297,554
LGA44210,5,3,8,0,5,5,8,9,17,10,10,20,6,3,9,4,0,4,0,0,0,8,3,11,19,7,26,60,40,100
LGA44340,16,14,30,6,12,18,13,13,26,9,16,25,12,24,36,10,10,20,8,0,8,19,27,46,8,9,17,101,125,226
LGA44550,5,8,13,12,10,22,9,9,18,3,12,15,4,5,9,8,6,14,7,5,12,16,15,31,7,3,10,71,73,144
LGA44620,13,20,33,24,32,56,16,31,47,8,29,37,14,27,41,20,20,40,16,5,21,14,17,31,11,10,21,136,191,327
LGA44830,6,6,12,0,0,0,4,8,12,3,6,9,0,4,4,0,4,4,0,0,0,10,0,10,3,4,7,26,32,58
LGA45040,28,15,43,45,42,87,46,57,103,36,46,82,19,43,62,41,36,77,20,11,31,32,20,52,98,17,115,365,287,652
LGA45090,8,0,8,3,3,6,3,3,6,3,5,8,3,11,14,0,8,8,5,0,5,7,0,7,4,4,8,36,34,70
LGA45120,3,0,3,0,4,4,9,4,13,4,0,4,3,3,6,3,0,3,3,0,3,3,3,6,0,4,4,28,18,46
LGA45290,6,7,13,12,4,16,10,10,20,13,7,20,7,12,19,5,5,10,4,4,8,8,15,23,9,0,9,74,64,138
LGA45340,55,64,119,84,85,169,77,89,166,52,101,153,64,117,181,55,70,125,61,49,110,97,67,164,34,49,83,579,691,1270
LGA45400,0,0,0,0,3,3,0,0,0,0,0,0,0,0,0,0,0,0,4,0,4,3,0,3,0,3,3,7,6,13
LGA45540,4,0,4,3,4,7,3,6,9,3,10,13,3,6,9,3,0,3,3,0,3,3,0,3,0,0,0,25,26,51
LGA45680,55,72,127,82,75,157,100,111,211,80,118,198,52,122,174,72,63,135,51,45,96,62,61,123,67,58,125,621,725,1346
LGA45890,80,77,157,79,89,168,141,153,294,87,135,222,75,135,210,65,82,147,41,44,85,102,114,216,206,99,305,876,928,1804
LGA46090,63,58,121,75,68,143,129,152,281,68,141,209,66,104,170,41,72,113,41,42,83,109,62,171,227,76,303,819,775,1594
LGA46300,27,18,45,30,19,49,36,53,89,28,44,72,32,38,70,24,22,46,9,13,22,23,24,47,32,32,64,241,263,504
LGA46450,6,12,18,28,24,52,29,27,56,24,20,44,8,32,40,15,17,32,4,4,8,10,14,24,10,15,25,134,165,299
LGA46510,3,5,8,3,6,9,12,5,17,7,14,21,4,8,12,3,11,14,5,4,9,11,9,20,4,6,10,52,68,120
LGA46670,3,4,7,4,6,10,8,13,21,5,6,11,4,10,14,4,5,9,5,4,9,4,0,4,7,8,15,44,56,100
LGA46860,0,0,0,0,0,0,4,0,4,0,0,0,0,0,0,0,0,0,4,0,4,0,0,0,0,0,0,8,0,8
LGA46970,3,6,9,0,4,4,3,0,3,3,0,3,0,0,0,0,4,4,0,0,0,28,4,32,0,0,0,37,18,55
LGA47140,76,59,135,85,87,172,105,118,223,66,112,178,56,128,184,93,78,171,77,54,131,109,97,206,59,75,134,726,808,1534
LGA47290,0,0,0,0,3,3,0,5,5,0,3,3,0,0,0,4,0,4,0,0,0,0,0,0,0,0,0,4,11,15
LGA47490,0,3,3,3,0,3,3,4,7,3,0,3,3,0,3,0,3,3,0,0,0,0,0,0,0,0,0,12,10,22
LGA47630,0,0,0,3,0,3,4,7,11,0,0,0,0,8,8,8,0,8,0,0,0,0,0,0,7,3,10,22,18,40
LGA47700,21,29,50,26,38,64,39,37,76,15,38,53,22,53,75,26,28,54,23,16,39,45,36,81,17,17,34,234,292,526
LGA47800,6,3,9,8,15,23,21,27,48,23,20,43,11,11,22,14,19,33,5,3,8,0,3,3,10,12,22,98,113,211
LGA47910,0,3,3,0,3,3,3,3,6,0,5,5,0,0,0,3,0,3,0,0,0,0,0,0,0,0,0,6,14,20
LGA47980,5,4,9,13,7,20,3,6,9,5,4,9,3,10,13,3,5,8,0,5,5,11,17,28,3,3,6,46,61,107
LGA48050,3,3,6,3,7,10,7,3,10,7,0,7,3,12,15,3,5,8,3,3,6,12,3,15,3,9,12,44,45,89
LGA48130,3,3,6,6,4,10,4,13,17,6,4,10,3,3,6,8,3,11,3,3,6,5,3,8,0,0,0,38,36,74
LGA48260,0,3,3,0,0,0,3,0,3,0,0,0,0,4,4,0,0,0,0,0,0,4,3,7,0,0,0,7,10,17
LGA48340,5,7,12,6,4,10,7,13,20,11,17,28,9,8,17,13,6,19,0,4,4,6,3,9,4,0,4,61,62,123
LGA48410,14,17,31,16,24,40,23,29,52,17,29,46,18,17,35,15,11,26,3,10,13,43,31,74,16,19,35,165,187,352
LGA48540,26,22,48,36,37,73,51,73,124,29,54,83,20,38,58,16,20,36,14,7,21,51,33,84,28,26,54,271,310,581
LGA48640,0,0,0,0,0,0,0,0,0,0,0,0,0,0,0,3,0,3,3,0,3,3,0,3,0,0,0,9,0,9
LGA48750,0,3,3,4,0,4,3,0,3,3,3,6,3,0,3,0,0,0,0,0,0,3,3,6,0,0,0,16,9,25
LGA48830,6,14,20,14,6,20,18,30,48,23,29,52,3,16,19,11,5,16,6,3,9,10,0,10,10,11,21,101,114,215
LGA49399,10,15,25,19,24,43,43,43,86,27,37,64,30,25,55,23,23,46,14,7,21,40,19,59,85,102,187,291,295,586
LGA49499,6,0,6,4,7,11,28,19,47,10,13,23,5,5,10,9,6,15,5,0,5,3,4,7,10,14,24,80,68,148
LGA50080,41,25,66,46,25,71,43,54,97,32,57,89,24,52,76,22,23,45,13,28,41,51,29,80,129,26,155,401,319,720
LGA50210,60,54,114,68,47,115,85,93,178,36,67,103,35,73,108,45,54,99,40,29,69,119,60,179,57,49,106,545,526,1071
LGA50250,32,40,72,18,38,56,33,32,65,12,28,40,14,27,41,7,18,25,8,19,27,195,65,260,26,15,41,345,282,627
LGA50280,5,0,5,3,3,6,5,7,12,3,4,7,4,7,11,3,8,11,3,0,3,11,0,11,0,3,3,37,32,69
LGA50350,16,8,24,7,12,19,19,21,40,17,17,34,5,17,22,12,5,17,5,8,13,32,19,51,15,12,27,128,119,247
LGA50420,26,30,56,18,20,38,22,51,73,16,45,61,17,39,56,20,25,45,16,19,35,63,55,118,35,22,57,233,306,539
LGA50490,39,34,73,25,44,69,20,48,68,37,59,96,16,45,61,19,34,53,12,24,36,67,74,141,47,56,103,282,418,700
LGA50560,3,0,3,3,3,6,6,0,6,0,9,9,3,4,7,3,5,8,0,0,0,3,0,3,0,0,0,21,21,42
LGA50630,5,3,8,0,0,0,4,5,9,0,3,3,0,3,3,0,3,3,0,0,0,8,5,13,0,6,6,17,28,45
LGA50770,0,0,0,0,3,3,0,0,0,3,0,3,0,0,0,0,3,3,0,0,0,0,0,0,3,0,3,6,6,12
LGA50840,0,3,3,3,3,6,0,6,6,4,6,10,3,3,6,0,0,0,0,0,0,5,0,5,0,0,0,15,21,36
LGA50910,3,0,3,6,0,6,4,13,17,3,8,11,6,3,9,0,0,0,0,0,0,3,3,6,5,0,5,30,27,57
LGA50980,143,115,258,125,153,278,299,316,615,144,250,394,77,164,241,104,105,209,79,76,155,207,179,386,231,133,364,1409,1491,2900
LGA51080,3,8,11,4,4,8,8,10,18,0,12,12,0,9,9,11,0,11,4,0,4,3,0,3,7,4,11,40,47,87
LGA51120,0,4,4,4,3,7,0,0,0,0,0,0,0,4,4,4,0,4,0,0,0,0,0,0,3,5,8,11,16,27
LGA51190,26,27,53,32,53,85,35,49,84,33,52,85,16,55,71,27,23,50,9,21,30,51,31,82,90,30,120,319,341,660
LGA51260,19,15,34,7,17,24,19,25,44,5,16,21,16,24,40,11,20,31,7,7,14,29,16,45,17,21,38,130,161,291
LGA51310,0,3,3,3,3,6,0,0,0,0,0,0,0,3,3,0,3,3,3,3,6,6,4,10,3,3,6,15,22,37
LGA51330,30,18,48,32,31,63,38,48,86,28,41,69,26,33,59,18,32,50,16,16,32,71,37,108,21,31,52,280,287,567
LGA51400,11,12,23,9,9,18,9,13,22,4,13,17,11,21,32,4,9,13,3,3,6,24,10,34,11,11,22,86,101,187
LGA51470,0,3,3,0,0,0,0,0,0,5,0,5,0,0,0,0,0,0,0,0,0,0,0,0,0,0,0,5,3,8
LGA51540,21,36,57,20,17,37,68,78,146,37,56,93,16,50,66,30,36,66,18,23,41,47,34,81,50,61,111,307,391,698
LGA51610,3,3,6,0,0,0,0,0,0,3,0,3,4,3,7,0,3,3,0,3,3,0,0,0,0,0,0,10,12,22
LGA51680,5,7,12,0,4,4,0,3,3,0,0,0,0,0,0,0,0,0,4,3,7,3,3,6,3,0,3,15,20,35
LGA51750,6,0,6,0,0,0,0,0,0,0,0,0,3,0,3,0,0,0,0,0,0,3,0,3,13,0,13,25,0,25
LGA51820,52,58,110,45,59,104,59,91,150,50,65,115,38,57,95,31,57,88,21,30,51,94,77,171,55,51,106,445,545,990
LGA51890,8,8,16,6,10,16,10,12,22,11,13,24,12,13,25,4,5,9,3,3,6,15,7,22,16,8,24,85,79,164
LGA51960,14,15,29,7,12,19,24,25,49,8,21,29,4,18,22,11,8,19,11,4,15,34,9,43,8,7,15,121,119,240
LGA52030,0,0,0,0,0,0,0,3,3,3,3,6,3,0,3,0,0,0,0,0,0,0,0,0,3,3,6,9,9,18
LGA52100,3,0,3,3,0,3,3,0,3,0,6,6,0,0,0,0,3,3,0,0,0,0,5,5,0,0,0,9,14,23
LGA52170,0,0,0,0,3,3,3,0,3,0,0,0,0,0,0,0,0,0,0,0,0,0,3,3,0,0,0,3,6,9
LGA52240,0,0,0,0,0,0,0,5,5,0,3,3,3,0,3,0,0,0,0,0,0,0,0,0,0,0,0,3,8,11
LGA52310,3,0,3,3,0,3,0,0,0,0,0,0,0,0,0,0,0,0,0,0,0,0,0,0,0,0,0,6,0,6
LGA52380,3,3,6,3,3,6,3,4,7,0,0,0,4,4,8,0,0,0,0,0,0,3,0,3,7,8,15,23,22,45
LGA52450,3,0,3,3,0,3,0,5,5,3,0,3,3,0,3,0,3,3,3,0,3,0,4,4,0,0,0,15,12,27
LGA52520,5,3,8,3,3,6,3,3,6,0,3,3,0,5,5,3,3,6,0,0,0,4,0,4,0,0,0,18,20,38
LGA52590,3,4,7,0,3,3,0,8,8,3,3,6,3,5,8,3,0,3,0,3,3,6,0,6,3,0,3,21,26,47
LGA52660,6,7,13,11,8,19,3,10,13,0,7,7,4,16,20,8,10,18,13,3,16,15,14,29,3,11,14,63,86,149
LGA52730,0,0,0,0,3,3,10,3,13,0,0,0,4,0,4,0,0,0,0,3,3,0,3,3,0,0,0,14,12,26
LGA52800,123,77,200,168,204,372,392,430,822,164,221,385,104,130,234,68,100,168,36,57,93,89,81,170,102,115,217,1246,1415,2661
LGA52870,3,15,18,0,5,5,4,0,4,4,8,12,0,3,3,3,3,6,3,0,3,8,3,11,0,6,6,25,43,68
LGA52940,0,0,0,0,0,0,3,0,3,0,0,0,0,0,0,0,3,3,3,0,3,0,0,0,0,0,0,6,3,9
LGA53010,0,0,0,0,0,0,3,0,3,0,0,0,0,3,3,0,0,0,0,0,0,0,0,0,3,0,3,6,3,9
LGA53080,5,3,8,3,3,6,0,4,4,11,9,20,0,3,3,0,3,3,0,4,4,7,3,10,19,10,29,45,42,87
LGA53150,0,0,0,0,0,0,5,0,5,0,0,0,5,4,9,0,0,0,0,0,0,3,3,6,0,0,0,13,7,20
LGA53220,49,40,89,77,85,162,159,175,334,33,68,101,22,47,69,23,22,45,14,24,38,236,84,320,114,129,243,727,674,1401
LGA53290,21,41,62,21,19,40,11,33,44,6,24,30,17,35,52,8,18,26,7,9,16,28,7,35,43,28,71,162,214,376
LGA53360,0,3,3,0,5,5,0,0,0,0,0,0,0,0,0,3,0,3,0,0,0,8,0,8,0,4,4,11,12,23
LGA53430,9,12,21,12,12,24,21,30,51,19,15,34,12,20,32,7,14,21,3,9,12,30,21,51,23,28,51,136,161,297
LGA53520,105,101,206,72,116,188,125,155,280,63,142,205,69,142,211,56,101,157,36,57,93,197,104,301,355,172,527,1078,1090,2168
LGA53570,3,3,6,0,5,5,4,7,11,4,4,8,4,4,8,3,3,6,3,0,3,6,0,6,3,0,3,30,26,56
LGA53640,3,3,6,9,4,13,3,6,9,7,4,11,3,3,6,6,4,10,3,4,7,3,3,6,5,3,8,42,34,76
LGA53710,0,3,3,3,0,3,4,3,7,3,5,8,0,7,7,3,0,3,0,0,0,3,3,6,0,3,3,16,24,40
LGA53780,62,77,139,61,92,153,80,114,194,64,92,156,52,123,175,64,63,127,40,70,110,159,96,255,315,105,420,897,832,1729
LGA53920,125,89,214,91,108,199,310,307,617,125,179,304,33,74,107,37,47,84,12,30,42,45,43,88,56,59,115,834,936,1770
LGA53990,18,13,31,11,20,31,17,21,38,6,16,22,6,28,34,10,9,19,11,4,15,44,10,54,15,10,25,138,131,269
LGA54060,0,3,3,5,3,8,0,5,5,3,3,6,0,6,6,0,4,4,3,0,3,13,3,16,0,7,7,24,34,58
LGA54130,0,0,0,0,3,3,0,0,0,0,0,0,0,0,0,3,0,3,3,0,3,0,0,0,0,0,0,6,3,9
LGA54170,27,26,53,24,26,50,21,31,52,13,19,32,18,41,59,19,36,55,28,25,53,100,65,165,15,18,33,265,287,552
LGA54200,38,54,92,24,39,63,18,33,51,18,21,39,21,39,60,22,27,49,15,17,32,80,63,143,26,15,41,262,308,570
LGA54280,43,76,119,39,60,99,91,108,199,60,114,174,36,101,137,35,56,91,24,45,69,162,80,242,144,94,238,634,734,1368
LGA54340,12,12,24,11,17,28,8,15,23,8,29,37,19,22,41,13,8,21,3,8,11,8,5,13,19,10,29,101,126,227
LGA54410,5,4,9,4,4,8,4,6,10,13,16,29,3,4,7,3,4,7,0,0,0,0,0,0,0,3,3,32,41,73
LGA54480,0,0,0,0,0,0,0,0,0,0,0,0,0,0,0,0,0,0,0,0,0,0,0,0,0,0,0,0,0,0
LGA54550,8,7,15,3,3,6,3,5,8,0,5,5,3,6,9,3,5,8,3,3,6,3,0,3,4,4,8,30,38,68
LGA54620,0,5,5,7,3,10,3,3,6,3,3,6,3,3,6,3,3,6,0,3,3,4,0,4,3,3,6,26,26,52
LGA54690,0,0,0,3,0,3,0,3,3,0,0,0,0,0,0,0,0,0,0,0,0,0,0,0,0,0,0,3,3,6
LGA54760,3,0,3,0,4,4,3,0,3,0,0,0,0,4,4,0,0,0,0,0,0,0,0,0,3,0,3,9,8,17
LGA54830,39,28,67,26,24,50,29,48,77,23,32,55,19,46,65,17,31,48,24,14,38,55,41,96,293,22,315,525,286,811
LGA54900,0,0,0,0,0,0,3,3,6,0,0,0,0,0,0,0,0,0,0,0,0,0,0,0,4,0,4,7,3,10
LGA54970,7,3,10,15,21,36,48,41,89,11,18,29,5,13,18,4,8,12,3,6,9,17,8,25,3,3,6,113,121,234
LGA55040,6,8,14,3,7,10,13,13,26,3,12,15,6,13,19,3,6,9,0,3,3,27,6,33,12,18,30,73,86,159
LGA55110,42,46,88,52,46,98,49,54,103,17,53,70,33,65,98,28,37,65,21,22,43,103,33,136,34,32,66,379,388,767
LGA55180,5,8,13,6,6,12,4,13,17,3,11,14,0,15,15,17,7,24,3,5,8,8,3,11,4,8,12,50,76,126
LGA55250,8,17,25,7,17,24,36,39,75,12,23,35,6,12,18,5,10,15,7,3,10,20,10,30,29,32,61,130,163,293
LGA55320,14,11,25,16,16,32,25,31,56,12,28,40,20,19,39,11,19,30,5,14,19,49,38,87,27,26,53,179,202,381
LGA55390,3,3,6,32,20,52,33,30,63,14,22,36,7,9,16,3,5,8,0,0,0,0,5,5,3,5,8,95,99,194
LGA55460,3,4,7,0,5,5,5,8,13,10,8,18,0,9,9,4,13,17,7,3,10,14,3,17,7,7,14,50,60,110
LGA55530,3,0,3,0,0,0,0,0,0,0,0,0,3,3,6,0,3,3,0,0,0,0,0,0,3,3,6,9,9,18
LGA55600,11,13,24,3,9,12,22,26,48,10,22,32,7,13,20,4,9,13,6,3,9,10,3,13,11,10,21,84,108,192
LGA55670,5,4,9,3,3,6,3,3,6,3,3,6,3,4,7,3,8,11,0,3,3,3,0,3,6,0,6,29,28,57
LGA55740,3,11,14,4,9,13,3,5,8,3,4,7,4,5,9,3,0,3,3,0,3,3,6,9,7,3,10,33,43,76
LGA55810,11,8,19,10,12,22,19,22,41,7,13,20,7,13,20,3,3,6,0,4,4,6,4,10,4,4,8,67,83,150
LGA55880,0,0,0,0,0,0,0,0,0,0,0,0,0,0,0,0,0,0,0,0,0,0,0,0,0,0,0,0,0,0
LGA55950,0,5,5,0,0,0,0,0,0,0,0,0,0,0,0,4,0,4,0,0,0,0,0,0,0,3,3,4,8,12
LGA56020,6,7,13,3,0,3,11,5,16,7,4,11,7,11,18,6,0,6,3,3,6,3,4,7,12,7,19,58,41,99
LGA56090,26,13,39,25,20,45,14,23,37,10,16,26,7,34,41,16,11,27,14,7,21,64,33,97,426,18,444,602,175,777
LGA56160,0,3,3,0,0,0,5,3,8,0,4,4,0,0,0,0,0,0,0,0,0,0,3,3,0,0,0,5,13,18
LGA56230,7,9,16,10,11,21,11,11,22,0,12,12,8,8,16,7,6,13,7,5,12,16,13,29,4,6,10,70,81,151
LGA56300,0,0,0,0,0,0,0,0,0,4,0,4,0,0,0,4,0,4,0,3,3,0,0,0,0,0,0,8,3,11
LGA56370,0,0,0,0,0,0,5,0,5,0,4,4,0,0,0,0,0,0,0,3,3,0,0,0,0,0,0,5,7,12
LGA56450,5,0,5,0,0,0,0,0,0,0,0,0,0,0,0,0,0,0,0,0,0,0,0,0,0,0,0,5,0,5
LGA56520,12,7,19,16,21,37,30,25,55,9,20,29,4,16,20,9,5,14,8,4,12,10,5,15,17,10,27,115,113,228
LGA56580,0,0,0,4,3,7,3,3,6,3,3,6,3,3,6,0,0,0,0,0,0,6,4,10,0,3,3,19,19,38
LGA56620,10,17,27,111,91,202,125,190,315,33,70,103,22,32,54,18,14,32,4,0,4,6,3,9,29,53,82,358,470,828
LGA56730,11,11,22,27,19,46,22,39,61,9,26,35,13,29,42,7,23,30,11,8,19,18,13,31,28,19,47,146,187,333
LGA56790,3,7,10,7,3,10,14,9,23,3,14,17,3,11,14,0,3,3,4,4,8,11,0,11,7,8,15,52,59,111
LGA56860,0,0,0,0,0,0,0,0,0,6,0,6,0,5,5,0,0,0,0,0,0,0,0,0,0,0,0,6,5,11
LGA56930,0,5,5,0,0,0,0,0,0,0,0,0,0,0,0,0,0,0,0,0,0,0,0,0,0,3,3,0,8,8
LGA57000,3,0,3,0,4,4,0,0,0,0,0,0,0,0,0,0,0,0,4,0,4,13,3,16,3,0,3,23,7,30
LGA57080,3,4,7,7,3,10,6,11,17,9,6,15,3,3,6,0,3,3,0,3,3,12,8,20,4,3,7,44,44,88
LGA57140,6,4,10,7,5,12,14,7,21,3,6,9,6,7,13,8,4,12,3,3,6,0,3,3,0,6,6,47,45,92
LGA57210,10,0,10,0,6,6,14,9,23,0,18,18,4,0,4,4,5,9,0,4,4,4,0,4,9,8,17,45,50,95
LGA57280,78,87,165,40,64,104,73,85,158,68,125,193,31,74,105,18,49,67,16,38,54,321,141,462,132,119,251,777,782,1559
LGA57350,3,5,8,3,3,6,10,10,20,4,10,14,5,7,12,4,9,13,0,0,0,3,3,6,9,11,20,41,58,99
LGA57420,0,0,0,0,0,0,0,4,4,0,3,3,0,0,0,3,0,3,0,3,3,6,3,9,0,0,0,9,13,22
LGA57490,58,70,128,41,57,98,47,82,129,31,67,98,40,69,109,30,57,87,33,28,61,177,68,245,40,29,69,497,527,1024
LGA57560,110,82,192,20,34,54,64,83,147,29,75,104,41,71,112,20,46,66,24,22,46,267,138,405,231,80,311,806,631,1437
LGA57630,0,0,0,3,0,3,0,3,3,0,0,0,0,0,0,0,0,0,0,0,0,0,0,0,0,0,0,3,3,6
LGA57700,3,6,9,4,5,9,12,3,15,0,6,6,0,7,7,0,12,12,3,3,6,23,17,40,31,3,34,76,62,138
LGA57770,3,3,6,4,5,9,7,3,10,3,3,6,3,4,7,6,3,9,3,0,3,8,0,8,0,5,5,37,26,63
LGA57840,32,6,38,25,14,39,14,32,46,11,15,26,14,13,27,6,15,21,3,8,11,21,17,38,25,17,42,151,137,288
LGA57910,67,79,146,78,87,165,88,125,213,52,107,159,56,124,180,50,87,137,45,49,94,166,154,320,64,95,159,666,907,1573
LGA57980,3,3,6,4,6,10,5,7,12,5,8,13,3,4,7,0,4,4,3,3,6,9,7,16,5,0,5,37,42,79
LGA58050,104,95,199,96,120,216,93,129,222,57,139,196,70,132,202,65,100,165,65,52,117,211,144,355,101,194,295,862,1105,1967
LGA58190,0,4,4,0,0,0,6,6,12,3,6,9,3,0,3,0,0,0,4,0,4,0,0,0,0,0,0,16,16,32
LGA58260,0,0,0,3,3,6,3,3,6,0,3,3,0,3,3,0,0,0,0,3,3,3,0,3,3,0,3,12,15,27
LGA58330,10,4,14,3,3,6,6,6,12,4,6,10,0,8,8,0,4,4,0,0,0,4,6,10,0,7,7,27,44,71
LGA58400,4,0,4,0,0,0,0,0,0,0,0,0,0,3,3,0,3,3,0,0,0,0,0,0,5,3,8,9,9,18
LGA58470,3,5,8,5,11,16,11,9,20,3,11,14,3,3,6,5,0,5,3,3,6,3,3,6,6,3,9,42,48,90
LGA58510,10,14,24,9,19,28,31,28,59,23,32,55,9,25,34,11,15,26,4,8,12,24,29,53,32,37,69,153,207,360
LGA58540,0,0,0,0,0,0,3,4,7,3,0,3,0,0,0,0,5,5,0,0,0,3,0,3,4,0,4,13,9,22
LGA58570,3,10,13,3,3,6,8,6,14,4,3,7,8,10,18,6,5,11,5,3,8,27,26,53,3,3,6,67,69,136
LGA58610,0,3,3,3,0,3,6,7,13,3,3,6,3,0,3,0,3,3,0,0,0,0,0,0,3,5,8,18,21,39
LGA58680,0,0,0,0,0,0,0,0,0,0,0,0,0,0,0,0,0,0,0,0,0,0,3,3,0,0,0,0,3,3
LGA58760,102,74,176,64,88,152,84,98,182,35,94,129,36,118,154,33,64,97,38,38,76,170,100,270,43,65,108,605,739,1344
LGA58820,3,0,3,4,8,12,7,12,19,3,6,9,0,4,4,3,3,6,0,0,0,11,0,11,0,0,0,31,33,64
LGA58890,0,3,3,0,0,0,0,0,0,0,0,0,0,3,3,0,0,0,0,0,0,3,0,3,0,0,0,3,6,9
LGA59030,3,3,6,0,0,0,0,0,0,0,0,0,0,0,0,0,0,0,0,0,0,0,0,0,0,0,0,3,3,6
LGA59100,0,0,0,0,3,3,0,3,3,0,3,3,0,0,0,0,0,0,0,0,0,0,0,0,0,0,0,0,9,9
LGA59170,0,0,0,0,3,3,0,0,0,0,0,0,0,0,0,0,0,0,0,0,0,0,0,0,0,0,0,0,3,3
LGA59250,6,4,10,8,10,18,41,57,98,7,9,16,3,11,14,6,4,10,0,3,3,22,4,26,3,0,3,96,102,198
LGA59310,3,10,13,3,3,6,3,7,10,3,3,6,0,7,7,0,4,4,4,0,4,0,0,0,5,4,9,21,38,59
LGA59320,0,0,0,3,0,3,0,0,0,0,0,0,0,0,0,0,0,0,0,0,0,0,3,3,0,0,0,3,3,6
LGA59330,0,3,3,0,0,0,0,0,0,0,3,3,0,0,0,0,0,0,0,0,0,0,0,0,0,0,0,0,6,6
LGA59340,83,81,164,62,59,121,215,261,476,89,106,195,59,101,160,56,77,133,31,48,79,111,74,185,100,107,207,806,914,1720
LGA59350,3,3,6,0,0,0,0,4,4,3,8,11,8,7,15,3,0,3,3,0,3,3,5,8,3,0,3,26,27,53
LGA59360,0,3,3,0,0,0,0,3,3,0,0,0,0,0,0,4,0,4,0,0,0,8,3,11,0,0,0,12,9,21
LGA59370,3,3,6,8,4,12,10,6,16,3,3,6,5,4,9,0,9,9,3,3,6,6,3,9,0,3,3,38,38,76
LGA59399,0,0,0,0,0,0,0,0,0,0,0,0,0,0,0,0,0,0,0,0,0,4,0,4,0,0,0,4,0,4
LGA59499,16,10,26,23,15,38,59,56,115,41,31,72,3,10,13,11,6,17,5,0,5,23,9,32,60,36,96,241,173,414
LGA60210,3,13,16,9,9,18,15,11,26,12,11,23,5,9,14,3,11,14,5,3,8,4,3,7,6,0,6,62,70,132
LGA60410,22,25,47,33,32,65,55,81,136,38,66,104,40,79,119,34,45,79,29,16,45,23,15,38,19,22,41,293,381,674
LGA60610,20,28,48,45,35,80,49,46,95,38,64,102,39,94,133,46,47,93,23,7,30,58,27,85,10,13,23,328,361,689
LGA60810,33,40,73,33,61,94,50,76,126,37,66,103,37,77,114,60,43,103,31,25,56,83,40,123,24,14,38,388,442,830
LGA61010,0,3,3,0,8,8,6,14,20,6,14,20,4,0,4,3,3,6,3,0,3,3,0,3,3,0,3,28,42,70
LGA61210,23,35,58,28,47,75,31,40,71,33,39,72,30,60,90,56,34,90,35,12,47,46,26,72,13,11,24,295,304,599
LGA61410,35,34,69,58,56,114,61,54,115,44,69,113,36,82,118,55,60,115,55,34,89,80,66,146,74,33,107,498,488,986
LGA61510,10,10,20,15,15,30,17,29,46,11,23,34,10,22,32,13,14,27,9,4,13,9,9,18,18,14,32,112,140,252
LGA61610,37,33,70,51,57,108,68,76,144,32,76,108,40,86,126,43,46,89,32,18,50,66,26,92,24,24,48,393,442,835
LGA61810,5,3,8,10,10,20,9,14,23,6,21,27,6,17,23,8,4,12,10,3,13,5,0,5,0,4,4,59,76,135
LGA62010,3,6,9,0,5,5,8,11,19,9,9,18,11,6,17,8,7,15,7,4,11,0,3,3,3,0,3,49,51,100
LGA62210,8,6,14,5,8,13,15,21,36,7,16,23,7,8,15,3,9,12,9,6,15,5,3,8,3,4,7,62,81,143
LGA62410,5,5,10,6,10,16,11,8,19,11,6,17,9,14,23,12,7,19,3,3,6,5,0,5,3,3,6,65,56,121
LGA62610,40,34,74,53,65,118,108,103,211,73,104,177,66,135,201,93,79,172,49,49,98,79,52,131,26,31,57,587,652,1239
LGA62810,18,13,31,18,30,48,28,31,59,26,30,56,22,35,57,22,27,49,11,16,27,61,48,109,10,8,18,216,238,454
LGA63010,39,40,79,28,52,80,57,71,128,49,71,120,44,89,133,65,53,118,42,21,63,76,31,107,17,19,36,417,447,864
LGA63210,7,7,14,5,7,12,9,15,24,15,13,28,10,18,28,4,8,12,4,12,16,18,5,23,8,5,13,80,90,170
LGA63410,0,0,0,0,3,3,0,0,0,3,0,3,5,0,5,3,0,3,0,4,4,4,0,4,0,0,0,15,7,22
LGA63610,31,24,55,26,38,64,35,37,72,27,47,74,29,69,98,45,42,87,35,32,67,83,51,134,15,15,30,326,355,681
LGA63810,8,6,14,13,18,31,30,24,54,20,19,39,15,25,40,22,18,40,25,9,34,31,9,40,3,5,8,167,133,300
LGA64010,57,51,108,55,62,117,112,125,237,55,133,188,69,130,199,76,58,134,55,29,84,81,44,125,40,37,77,600,669,1269
LGA64210,13,13,26,9,24,33,12,31,43,11,14,25,23,28,51,16,25,41,18,3,21,20,10,30,0,7,7,122,155,277
LGA64610,11,3,14,17,17,34,15,17,32,11,19,30,12,14,26,9,15,24,3,3,6,14,6,20,6,4,10,98,98,196
LGA64810,11,17,28,22,8,30,27,32,59,17,20,37,17,34,51,19,21,40,9,9,18,21,17,38,12,6,18,155,164,319
LGA65010,4,8,12,7,10,17,15,15,30,9,6,15,14,15,29,12,9,21,7,3,10,9,8,17,9,9,18,86,83,169
LGA65210,0,3,3,5,0,5,12,15,27,5,7,12,4,6,10,5,4,9,3,3,6,7,0,7,3,0,3,44,38,82
LGA65410,16,26,42,20,43,63,35,45,80,36,37,73,26,59,85,38,35,73,18,12,30,51,27,78,16,9,25,256,293,549
LGA65610,4,12,16,9,10,19,13,14,27,10,9,19,6,20,26,11,10,21,10,6,16,40,9,49,7,6,13,110,96,206
LGA65810,13,15,28,19,19,38,16,22,38,7,21,28,10,19,29,12,16,28,9,13,22,29,10,39,8,7,15,123,142,265
LGA69399,0,0,0,0,0,0,0,0,0,0,0,0,0,0,0,0,0,0,0,0,0,0,0,0,4,0,4,4,0,4
LGA69499,4,0,4,6,0,6,22,8,30,5,0,5,5,5,10,0,0,0,0,0,0,3,3,6,3,0,3,48,16,64
LGA70200,135,124,259,147,181,328,238,308,546,130,238,368,100,149,249,101,142,243,87,83,170,222,236,458,218,284,502,1378,1745,3123
LGA70420,119,107,226,295,342,637,426,482,908,115,177,292,48,89,137,60,64,124,35,24,59,48,61,109,333,329,662,1479,1675,3154
LGA70540,0,7,7,6,0,6,32,19,51,14,19,33,4,11,15,0,0,0,0,0,0,0,0,0,6,0,6,62,56,118
LGA70620,63,35,98,193,230,423,338,450,788,52,113,165,44,58,102,41,37,78,17,18,35,25,14,39,118,137,255,891,1092,1983
LGA70700,7,8,15,6,7,13,13,14,27,8,19,27,4,11,15,7,10,17,7,6,13,9,9,18,10,7,17,71,91,162
LGA71000,267,206,473,151,169,320,220,309,529,185,297,482,144,225,369,160,183,343,177,192,369,431,443,874,212,194,406,1947,2218,4165
LGA71300,231,186,417,573,627,1200,960,977,1937,276,461,737,196,261,457,153,133,286,44,41,85,57,35,92,178,168,346,2668,2889,5557
LGA72200,57,57,114,71,74,145,199,237,436,72,109,181,55,79,134,44,54,98,37,49,86,92,106,198,76,86,162,703,851,1554
LGA72300,47,43,90,23,38,61,58,61,119,34,34,68,36,41,77,49,38,87,45,46,91,118,95,213,28,30,58,438,426,864
LGA72330,109,90,199,412,486,898,326,448,774,126,167,293,94,132,226,71,49,120,19,31,50,21,27,48,693,265,958,1871,1695,3566
LGA72800,116,95,211,58,90,148,82,122,204,63,113,176,57,110,167,75,105,180,79,102,181,253,221,474,55,73,128,838,1031,1869
LGA73600,128,96,224,336,314,650,499,508,1007,126,220,346,118,138,256,132,109,241,18,21,39,47,34,81,185,194,379,1589,1634,3223
LGA74050,86,55,141,215,227,442,257,306,563,64,64,128,37,45,82,44,37,81,20,15,35,18,20,38,19,25,44,760,794,1554
LGA74500,208,139,347,370,451,821,313,438,751,84,174,258,132,153,285,105,78,183,40,18,58,41,33,74,66,66,132,1359,1550,2909
LGA74560,3,3,6,0,0,0,0,3,3,0,0,0,0,0,0,0,0,0,0,0,0,3,0,3,0,0,0,6,6,12
LGA74660,113,79,192,246,259,505,549,554,1103,126,254,380,204,187,391,113,81,194,44,31,75,77,41,118,89,103,192,1561,1589,3150
LGA79399,12,19,31,5,16,21,16,16,32,7,11,18,17,23,40,8,18,26,8,14,22,65,43,108,504,41,545,642,201,843
LGA79499,8,3,11,3,3,6,25,14,39,10,3,13,3,3,6,0,4,4,3,0,3,7,0,7,11,9,20,70,39,109
LGA89399,156,112,268,196,193,389,155,185,340,109,153,262,114,183,297,157,162,319,161,124,285,591,513,1104,125,77,202,1764,1702,3466
LGA89499,4,3,7,0,4,4,0,0,0,0,0,0,0,3,3,6,0,6,0,0,0,0,4,4,3,0,3,13,14,27
LGA99399,13,5,18,3,11,14,19,27,46,13,16,29,6,12,18,4,4,8,4,0,4,8,9,17,8,4,12,78,88,166
LGA99499,0,0,0,0,0,0,0,0,0,0,0,0,0,0,0,0,0,0,0,0,0,0,0,0,0,0,0,0,0,0
