region_id,No_Int_con_HHs_with_Ind_p,No_Internet_connect_Other_hhd,No_Internet_connect_Tot_hhd,Ty_Int_con_Bba_HHs_with_Ind_p,Type_Int_conn_Bband_Other_hhd,Type_Int_conn_Bband_Tot_hhd,Typ_Int_con_Diup_HHs_w_Ind_p,Type_Int_conn_Di_up_Other_hhd,Type_Int_conn_Di_up_Tot_hhd,Type_Int_con_Oth_HHs_w_Ind_p,Type_Int_conn_Other_Other_hhd,Type_Int_conn_Other_Tot_hhd,Type_Int_con_Tot_HHs_w_Ind_p,Type_Int_conn_Tot_Oth_hhd,Type_Int_conn_Tot_Tot_hhd,Internet_con_ns_HHs_w_Ind_p,Internet_connect_ns_Oth_hhd,Internet_connect_ns_Tot_hhd,Tot_Hholds_w_Indig_per,Tot_Oth_households,Tot_Tot_households
LGA10050,159,4320,4479,240,11818,12058,15,537,552,46,760,806,301,13115,13416,43,677,720,503,18112,18615
LGA10110,180,1682,1862,257,5409,5666,30,314,344,51,359,410,338,6082,6420,37,271,308,555,8035,8590
LGA10150,23,2594,2617,84,11156,11240,4,406,410,10,529,539,98,12091,12189,5,485,490,126,15170,15296
LGA10200,28,3856,3884,81,15825,15906,5,503,508,7,714,721,93,17042,17135,8,1052,1060,129,21950,22079
LGA10250,148,3429,3577,311,10125,10436,8,513,521,29,510,539,348,11148,11496,39,485,524,535,15062,15597
LGA10300,30,248,278,33,425,458,0,22,22,3,29,32,36,476,512,3,36,39,69,760,829
LGA10350,156,13144,13300,424,37724,38148,17,1486,1503,33,1580,1613,474,40790,41264,40,2632,2672,670,56566,57236
LGA10470,160,2947,3107,333,8654,8987,21,464,485,57,561,618,411,9679,10090,42,417,459,613,13043,13656
LGA10550,118,2968,3086,194,7990,8184,12,556,568,32,373,405,238,8919,9157,21,413,434,377,12300,12677
LGA10600,60,1164,1224,101,3184,3285,4,171,175,8,159,167,113,3514,3627,6,152,158,179,4830,5009
LGA10650,19,990,1009,48,1848,1896,3,120,123,4,92,96,55,2060,2115,4,117,121,78,3167,3245
LGA10750,913,15825,16738,1924,65794,67718,73,2092,2165,185,2950,3135,2182,70836,73018,198,3704,3902,3293,90365,93658
LGA10800,27,693,720,56,1244,1300,3,77,80,9,63,72,68,1384,1452,7,81,88,102,2158,2260
LGA10850,18,666,684,48,1534,1582,4,91,95,10,83,93,62,1708,1770,3,93,96,83,2467,2550
LGA10900,100,4341,4441,463,20767,21230,18,829,847,37,735,772,518,22331,22849,16,727,743,634,27399,28033
LGA10950,59,298,357,81,501,582,6,16,22,10,20,30,97,537,634,16,43,59,172,878,1050
LGA11000,3,352,355,18,534,552,0,37,37,0,24,24,18,595,613,3,34,37,24,981,1005
LGA11050,8,311,319,13,544,557,0,34,34,3,25,28,16,603,619,0,29,29,24,943,967
LGA11100,88,3000,3088,186,9429,9615,10,358,368,14,444,458,210,10231,10441,10,581,591,308,13812,14120
LGA11150,141,178,319,107,371,478,7,15,22,15,34,49,129,420,549,29,42,71,299,640,939
LGA11200,195,73,268,90,156,246,4,6,10,13,12,25,107,174,281,17,10,27,319,257,576
LGA11250,186,2331,2517,254,3731,3985,14,235,249,38,247,285,306,4213,4519,54,346,400,546,6890,7436
LGA11300,15,1875,1890,42,7873,7915,0,217,217,0,272,272,42,8362,8404,0,434,434,57,10671,10728
LGA11350,55,1858,1913,187,7851,8038,9,381,390,10,443,453,206,8675,8881,12,392,404,273,10925,11198
LGA11400,41,1223,1264,106,2830,2936,7,216,223,10,129,139,123,3175,3298,14,129,143,178,4527,4705
LGA11450,58,2358,2416,387,13327,13714,15,520,535,29,633,662,431,14480,14911,19,530,549,508,17368,17876
LGA11500,500,8601,9101,1272,31761,33033,54,1319,1373,117,1780,1897,1443,34860,36303,109,1777,1886,2052,45238,47290
LGA11520,32,3989,4021,109,21462,21571,0,570,570,13,1012,1025,122,23044,23166,10,820,830,164,27853,28017
LGA11550,108,10779,10887,238,29945,30183,8,1106,1114,19,1530,1549,265,32581,32846,42,2153,2195,415,45513,45928
LGA11600,41,290,331,34,504,538,0,24,24,6,40,46,40,568,608,0,44,44,81,902,983
LGA11700,139,147,286,52,298,350,7,12,19,13,13,26,72,323,395,17,40,57,228,510,738
LGA11720,227,4659,4886,653,10704,11357,37,563,600,53,591,644,743,11858,12601,51,690,741,1021,17207,18228
LGA11730,414,5119,5533,534,11061,11595,35,772,807,77,534,611,646,12367,13013,64,646,710,1124,18132,19256
LGA11750,99,415,514,125,905,1030,7,38,45,17,56,73,149,999,1148,8,51,59,256,1465,1721
LGA11800,347,5614,5961,702,16696,17398,24,826,850,71,837,908,797,18359,19156,50,908,958,1194,24881,26075
LGA11860,3,102,105,6,366,372,0,33,33,3,20,23,9,419,428,0,16,16,12,537,549
LGA12000,7,447,454,26,840,866,4,63,67,3,45,48,33,948,981,3,50,53,43,1445,1488
LGA12050,33,947,980,70,2356,2426,3,155,158,9,149,158,82,2660,2742,0,108,108,115,3715,3830
LGA12150,220,396,616,162,586,748,4,45,49,25,32,57,191,663,854,20,46,66,431,1105,1536
LGA12200,47,957,1004,75,1552,1627,5,104,109,4,102,106,84,1758,1842,8,100,108,139,2815,2954
LGA12300,20,1306,1326,44,2560,2604,0,143,143,6,137,143,50,2840,2890,3,192,195,73,4338,4411
LGA12350,137,1492,1629,167,2394,2561,5,169,174,14,139,153,186,2702,2888,44,179,223,367,4373,4740
LGA12500,51,920,971,44,1566,1610,0,95,95,10,87,97,54,1748,1802,11,130,141,116,2798,2914
LGA12600,628,2848,3476,993,7932,8925,53,416,469,118,516,634,1164,8864,10028,98,437,535,1890,12149,14039
LGA12700,39,791,830,74,1900,1974,0,120,120,9,76,85,83,2096,2179,7,102,109,129,2989,3118
LGA12750,274,3503,3777,337,8683,9020,16,590,606,38,378,416,391,9651,10042,36,483,519,701,13637,14338
LGA12850,170,13948,14118,333,35193,35526,13,1529,1542,32,1701,1733,378,38423,38801,53,2865,2918,601,55236,55837
LGA12900,127,1071,1198,176,1760,1936,9,118,127,30,105,135,215,1983,2198,28,139,167,370,3193,3563
LGA12950,108,485,593,77,788,865,7,61,68,12,34,46,96,883,979,9,69,78,213,1437,1650
LGA13010,78,1134,1212,97,1762,1859,3,128,131,15,112,127,115,2002,2117,9,128,137,202,3264,3466
LGA13050,34,591,625,64,1113,1177,0,62,62,5,63,68,69,1238,1307,8,60,68,111,1889,2000
LGA13100,339,12612,12951,1184,40862,42046,50,1923,1973,102,2058,2160,1336,44843,46179,65,2100,2165,1740,59555,61295
LGA13310,79,2850,2929,190,6142,6332,12,407,419,26,387,413,228,6936,7164,16,346,362,323,10132,10455
LGA13320,213,4223,4436,335,8038,8373,17,471,488,37,422,459,389,8931,9320,32,516,548,634,13670,14304
LGA13340,23,930,953,52,2230,2282,6,113,119,8,108,116,66,2451,2517,3,138,141,92,3519,3611
LGA13380,339,5013,5352,539,10403,10942,32,616,648,48,500,548,619,11519,12138,50,621,671,1008,17153,18161
LGA13450,199,2278,2477,189,4808,4997,17,264,281,25,290,315,231,5362,5593,34,348,382,464,7988,8452
LGA13500,13,464,477,23,732,755,0,62,62,4,48,52,27,842,869,0,58,58,40,1364,1404
LGA13550,203,1249,1452,250,2273,2523,18,118,136,31,155,186,299,2546,2845,31,161,192,533,3956,4489
LGA13650,63,495,558,48,808,856,4,62,66,10,46,56,62,916,978,14,64,78,139,1475,1614
LGA13660,23,744,767,42,995,1037,3,67,70,4,50,54,49,1112,1161,7,80,87,79,1936,2015
LGA13700,19,497,516,38,725,763,3,47,50,6,47,53,47,819,866,6,49,55,72,1365,1437
LGA13800,151,3654,3805,493,14430,14923,14,658,672,39,681,720,546,15769,16315,28,697,725,725,20120,20845
LGA13850,24,390,414,39,578,617,0,37,37,4,38,42,43,653,696,3,51,54,70,1094,1164
LGA13950,97,6813,6910,255,22592,22847,12,843,855,25,1068,1093,292,24503,24795,19,1288,1307,408,32604,33012
LGA14000,36,5588,5624,224,43195,43419,9,1162,1171,3,1023,1026,236,45380,45616,19,1413,1432,291,52381,52672
LGA14100,0,661,661,9,3463,3472,0,110,110,0,131,131,9,3704,3713,4,110,114,13,4475,4488
LGA14150,49,5098,5147,168,19858,20026,10,653,663,8,718,726,186,21229,21415,8,974,982,243,27301,27544
LGA14200,163,1903,2066,167,3163,3330,8,204,212,29,193,222,204,3560,3764,28,224,252,395,5687,6082
LGA14250,11,143,154,12,307,319,0,34,34,0,14,14,12,355,367,0,25,25,23,523,546
LGA14300,29,541,570,45,1073,1118,3,63,66,4,65,69,52,1201,1253,7,58,65,88,1800,1888
LGA14350,470,3043,3513,412,5495,5907,28,395,423,77,301,378,517,6191,6708,52,343,395,1039,9577,10616
LGA14400,23,1259,1282,102,5303,5405,0,290,290,8,199,207,110,5792,5902,3,226,229,136,7277,7413
LGA14450,18,3105,3123,74,14613,14687,4,454,458,12,436,448,90,15503,15593,4,628,632,112,19236,19348
LGA14500,6,3060,3066,63,30508,30571,0,657,657,0,592,592,63,31757,31820,3,886,889,72,35703,35775
LGA14550,79,1045,1124,82,1976,2058,9,167,176,16,99,115,107,2242,2349,7,122,129,193,3409,3602
LGA14600,208,723,931,130,1140,1270,5,81,86,29,56,85,164,1277,1441,22,80,102,394,2080,2474
LGA14650,609,15438,16047,1604,46231,47835,80,2085,2165,151,1916,2067,1835,50232,52067,120,2325,2445,2564,67995,70559
LGA14700,0,1159,1159,33,9763,9796,0,247,247,3,411,414,36,10421,10457,6,258,264,42,11838,11880
LGA14750,94,1048,1142,121,2085,2206,10,129,139,21,144,165,152,2358,2510,10,124,134,256,3530,3786
LGA14800,70,2498,2568,176,16501,16677,0,463,463,16,1039,1055,192,18003,18195,14,540,554,276,21041,21317
LGA14850,228,3630,3858,432,10307,10739,26,575,601,60,521,581,518,11403,11921,42,522,564,788,15555,16343
LGA14870,111,2257,2368,221,4332,4553,8,270,278,27,237,264,256,4839,5095,16,306,322,383,7402,7785
LGA14900,291,9984,10275,697,36529,37226,25,1578,1603,82,1949,2031,804,40056,40860,71,2388,2459,1166,52428,53594
LGA14920,147,853,1000,140,1489,1629,8,88,96,27,76,103,175,1653,1828,21,100,121,343,2606,2949
LGA14950,13,313,326,13,667,680,3,40,43,3,25,28,19,732,751,0,50,50,32,1095,1127
LGA15050,242,4901,5143,679,15958,16637,26,692,718,60,730,790,765,17380,18145,51,757,808,1058,23038,24096
LGA15150,8,1678,1686,47,11884,11931,4,360,364,5,723,728,56,12967,13023,4,419,423,68,15064,15132
LGA15200,141,4606,4747,334,21771,22105,8,666,674,33,1469,1502,375,23906,24281,25,921,946,541,29433,29974
LGA15270,102,2155,2257,239,5009,5248,11,271,282,34,248,282,284,5528,5812,16,276,292,402,7959,8361
LGA15300,482,1022,1504,278,2292,2570,9,109,118,61,185,246,348,2586,2934,62,161,223,892,3769,4661
LGA15350,3,1084,1087,18,8655,8673,0,280,280,4,429,433,22,9364,9386,0,271,271,25,10719,10744
LGA15500,50,748,798,44,1563,1607,0,106,106,5,93,98,49,1762,1811,3,96,99,102,2606,2708
LGA15550,57,211,268,40,430,470,0,22,22,8,34,42,48,486,534,0,33,33,105,730,835
LGA15650,96,1215,1311,212,3354,3566,4,174,178,28,215,243,244,3743,3987,16,218,234,356,5176,5532
LGA15700,188,2117,2305,235,4240,4475,21,295,316,26,163,189,282,4698,4980,29,302,331,499,7117,7616
LGA15750,227,1293,1520,231,2442,2673,10,130,140,40,178,218,281,2750,3031,36,195,231,544,4238,4782
LGA15800,96,686,782,105,1074,1179,3,55,58,20,82,102,128,1211,1339,17,106,123,241,2003,2244
LGA15850,186,626,812,226,1129,1355,19,67,86,33,61,94,278,1257,1535,33,71,104,497,1954,2451
LGA15900,477,13201,13678,1235,37533,38768,56,1420,1476,127,2132,2259,1418,41085,42503,110,2160,2270,2005,56446,58451
LGA15950,12,2517,2529,71,22791,22862,4,658,662,8,1687,1695,83,25136,25219,4,676,680,99,28329,28428
LGA16100,17,515,532,39,1099,1138,3,71,74,5,64,69,47,1234,1281,4,69,73,68,1818,1886
LGA16150,268,3265,3533,419,8316,8735,21,418,439,57,518,575,497,9252,9749,60,522,582,825,13039,13864
LGA16180,10,618,628,79,3621,3700,7,209,216,3,157,160,89,3987,4076,3,139,142,102,4744,4846
LGA16200,180,1558,1738,267,2799,3066,20,188,208,27,167,194,314,3154,3468,26,172,198,520,4884,5404
LGA16250,174,9715,9889,423,40861,41284,15,1332,1347,37,1877,1914,475,44070,44545,36,2235,2271,685,56020,56705
LGA16350,435,10138,10573,1649,41331,42980,55,1385,1440,113,2103,2216,1817,44819,46636,112,2070,2182,2364,57027,59391
LGA16370,9,2141,2150,97,15794,15891,11,544,555,5,548,553,113,16886,16999,6,619,625,128,19646,19774
LGA16380,309,7199,7508,681,17924,18605,30,1008,1038,55,820,875,766,19752,20518,44,991,1035,1119,27942,29061
LGA16400,234,5118,5352,620,15515,16135,28,796,824,71,733,804,719,17044,17763,57,805,862,1010,22967,23977
LGA16470,119,2409,2528,322,9682,10004,14,382,396,40,690,730,376,10754,11130,31,423,454,526,13586,14112
LGA16550,182,7257,7439,496,34738,35234,22,1150,1172,47,2053,2100,565,37941,38506,42,1577,1619,789,46775,47564
LGA16610,216,2614,2830,239,4445,4684,19,300,319,34,266,300,292,5011,5303,39,288,327,547,7913,8460
LGA16650,54,6967,7021,207,23767,23974,16,903,919,15,1135,1150,238,25805,26043,4,1339,1343,296,34111,34407
LGA16700,28,5656,5684,137,28759,28896,7,829,836,15,1076,1091,159,30664,30823,9,1161,1170,196,37481,37677
LGA16900,175,4878,5053,548,14579,15127,29,719,748,59,699,758,636,15997,16633,42,708,750,853,21583,22436
LGA16950,530,8896,9426,1091,21331,22422,46,1577,1623,124,1050,1174,1261,23958,25219,90,1198,1288,1881,34052,35933
LGA17000,66,1477,1543,238,5186,5424,17,231,248,30,283,313,285,5700,5985,20,211,231,371,7388,7759
LGA17050,7,393,400,19,1595,1614,3,100,103,4,118,122,26,1813,1839,3,124,127,36,2330,2366
LGA17100,3,1661,1664,42,8679,8721,3,236,239,6,318,324,51,9233,9284,0,430,430,54,11324,11378
LGA17150,130,11108,11238,668,56831,57499,27,1984,2011,49,2244,2293,744,61059,61803,42,2266,2308,916,74433,75349
LGA17200,375,8833,9208,624,54590,55214,21,1565,1586,94,4675,4769,739,60830,61569,85,2310,2395,1199,71973,73172
LGA17310,671,5242,5913,958,11879,12837,71,652,723,128,657,785,1157,13188,14345,94,791,885,1922,19221,21143
LGA17350,18,778,796,26,1245,1271,3,68,71,0,70,70,29,1383,1412,5,78,83,52,2239,2291
LGA17400,98,853,951,59,1401,1460,8,106,114,3,66,69,70,1573,1643,7,84,91,175,2510,2685
LGA17420,27,4449,4476,257,44985,45242,8,1137,1145,16,1053,1069,281,47175,47456,4,1361,1365,312,52985,53297
LGA17450,12,396,408,16,719,735,0,48,48,0,44,44,16,811,827,0,56,56,28,1263,1291
LGA17500,82,1251,1333,95,2307,2402,4,138,142,22,123,145,121,2568,2689,7,170,177,210,3989,4199
LGA17550,318,8081,8399,844,20559,21403,42,1259,1301,66,1135,1201,952,22953,23905,88,1268,1356,1358,32302,33660
LGA17620,54,1435,1489,152,3038,3190,8,168,176,8,178,186,168,3384,3552,7,195,202,229,5014,5243
LGA17640,12,816,828,34,1638,1672,3,121,124,4,81,85,41,1840,1881,3,88,91,56,2744,2800
LGA17650,48,527,575,84,1331,1415,11,70,81,9,60,69,104,1461,1565,6,58,64,158,2046,2204
LGA17700,5,140,145,9,231,240,3,21,24,0,14,14,12,266,278,0,24,24,17,430,447
LGA17750,360,4507,4867,638,13748,14386,33,635,668,86,935,1021,757,15318,16075,66,708,774,1183,20533,21716
LGA17800,14,474,488,21,829,850,3,70,73,3,35,38,27,934,961,3,59,62,44,1467,1511
LGA17850,39,363,402,28,659,687,5,32,37,7,33,40,40,724,764,9,44,53,88,1131,1219
LGA17900,348,665,1013,182,952,1134,11,57,68,23,94,117,216,1103,1319,46,111,157,610,1879,2489
LGA17950,86,331,417,49,512,561,0,30,30,11,20,31,60,562,622,13,49,62,159,942,1101
LGA18000,46,6904,6950,240,38843,39083,8,1264,1272,22,1731,1753,270,41838,42108,15,1561,1576,331,50303,50634
LGA18020,120,1111,1231,146,1878,2024,17,125,142,16,103,119,179,2106,2285,24,124,148,323,3341,3664
LGA18050,19,3126,3145,105,18675,18780,4,609,613,12,1415,1427,121,20699,20820,6,901,907,146,24726,24872
LGA18100,8,457,465,19,859,878,3,70,73,3,37,40,25,966,991,3,45,48,36,1468,1504
LGA18150,252,883,1135,228,1384,1612,10,87,97,36,69,105,274,1540,1814,17,95,112,543,2518,3061
LGA18200,141,602,743,60,1347,1407,3,94,97,10,71,81,73,1512,1585,21,114,135,235,2228,2463
LGA18250,14,2482,2496,63,20382,20445,0,491,491,4,682,686,67,21555,21622,0,583,583,81,24620,24701
LGA18350,51,3228,3279,255,11455,11710,22,629,651,19,503,522,296,12587,12883,15,516,531,362,16331,16693
LGA18400,72,2225,2297,333,9873,10206,18,493,511,22,361,383,373,10727,11100,20,536,556,465,13488,13953
LGA18450,506,16144,16650,1278,46160,47438,59,2357,2416,119,2454,2573,1456,50971,52427,106,2581,2687,2068,69696,71764
LGA18500,10,2159,2169,40,16065,16105,4,502,506,3,1049,1052,47,17616,17663,4,626,630,61,20401,20462
LGA18550,563,13381,13944,1637,34488,36125,62,1588,1650,158,1788,1946,1857,37864,39721,114,2130,2244,2534,53375,55909
LGA18710,34,857,891,76,3662,3738,8,170,178,8,217,225,92,4049,4141,12,135,147,138,5041,5179
LGA18750,63,1399,1462,83,2521,2604,5,140,145,15,164,179,103,2825,2928,8,175,183,174,4399,4573
LGA19399,9,72,81,8,277,285,0,8,8,0,5,5,8,290,298,0,11,11,17,373,390
LGA19499,0,0,0,0,0,0,0,0,0,0,0,0,0,0,0,0,0,0,0,0,0
LGA20110,10,1220,1230,29,2969,2998,0,191,191,3,174,177,32,3334,3366,3,139,142,45,4693,4738
LGA20260,11,1324,1335,26,2464,2490,0,186,186,0,170,170,26,2820,2846,5,146,151,42,4290,4332
LGA20570,139,8364,8503,301,22997,23298,19,1120,1139,52,1490,1542,372,25607,25979,33,1230,1263,544,35201,35745
LGA20660,75,7719,7794,201,31861,32062,7,1226,1233,21,1251,1272,229,34338,34567,22,1316,1338,326,43373,43699
LGA20740,31,3248,3279,58,7021,7079,3,548,551,8,533,541,69,8102,8171,8,400,408,108,11750,11858
LGA20830,51,3568,3619,110,10329,10439,0,724,724,13,626,639,123,11679,11802,15,544,559,189,15791,15980
LGA20910,15,4688,4703,59,25707,25766,3,934,937,3,934,937,65,27575,27640,6,923,929,86,33186,33272
LGA21010,28,1619,1647,45,3258,3303,0,205,205,0,201,201,45,3664,3709,6,180,186,79,5463,5542
LGA21110,16,6809,6825,100,45524,45624,7,1503,1510,5,1859,1864,112,48886,48998,13,1394,1407,141,57089,57230
LGA21180,80,14174,14254,194,37807,38001,9,1478,1487,24,2051,2075,227,41336,41563,28,2925,2953,335,58435,58770
LGA21270,5,948,953,16,1399,1415,0,79,79,0,60,60,16,1538,1554,0,107,107,21,2593,2614
LGA21370,140,3889,4029,150,8026,8176,13,520,533,28,491,519,191,9037,9228,36,503,539,367,13429,13796
LGA21450,37,4152,4189,156,18066,18222,7,832,839,15,995,1010,178,19893,20071,12,766,778,227,24811,25038
LGA21610,125,11792,11917,434,60011,60445,18,2311,2329,34,2748,2782,486,65070,65556,47,2951,2998,658,79813,80471
LGA21670,21,1961,1982,44,2631,2675,0,214,214,7,144,151,51,2989,3040,8,219,227,80,5169,5249
LGA21750,21,2308,2329,57,4540,4597,3,301,304,13,311,324,73,5152,5225,8,294,302,102,7754,7856
LGA21830,11,1871,1882,35,3612,3647,5,214,219,4,231,235,44,4057,4101,4,207,211,59,6135,6194
LGA21890,150,12086,12236,334,33642,33976,9,1193,1202,37,2135,2172,380,36970,37350,52,1987,2039,582,51043,51625
LGA22110,255,4516,4771,218,9911,10129,8,704,712,37,567,604,263,11182,11445,47,597,644,565,16295,16860
LGA22170,78,8763,8841,348,33194,33542,13,1348,1361,32,1900,1932,393,36442,36835,32,1697,1729,503,46902,47405
LGA22250,30,1404,1434,33,2181,2214,4,184,188,3,137,140,40,2502,2542,5,181,186,75,4087,4162
LGA22310,20,8053,8073,96,37189,37285,6,1247,1253,14,1701,1715,116,40137,40253,6,1564,1570,142,49754,49896
LGA22410,57,2087,2144,108,4566,4674,6,286,292,14,292,306,128,5144,5272,10,288,298,195,7519,7714
LGA22490,12,1052,1064,45,4542,4587,0,295,295,4,177,181,49,5014,5063,7,166,173,68,6232,6300
LGA22620,175,8884,9059,400,24561,24961,17,1421,1438,45,1389,1434,462,27371,27833,42,1285,1327,679,37540,38219
LGA22670,72,11462,11534,116,28478,28594,9,1258,1267,14,1614,1628,139,31350,31489,32,2435,2467,243,45247,45490
LGA22750,210,18153,18363,521,52848,53369,33,2592,2625,72,3296,3368,626,58736,59362,45,2757,2802,881,79646,80527
LGA22830,308,5488,5796,415,13076,13491,17,705,722,73,794,867,505,14575,15080,68,867,935,881,20930,21811
LGA22910,12,1429,1441,33,3617,3650,4,251,255,3,223,226,40,4091,4131,3,193,196,55,5713,5768
LGA22980,19,808,827,20,1243,1263,0,88,88,3,69,72,23,1400,1423,5,86,91,47,2294,2341
LGA23110,59,6793,6852,125,20899,21024,12,910,922,15,1231,1246,152,23040,23192,13,1084,1097,224,30917,31141
LGA23190,45,2125,2170,66,4537,4603,3,297,300,10,283,293,79,5117,5196,10,258,268,134,7500,7634
LGA23270,77,9497,9574,345,36843,37188,10,1434,1444,31,1828,1859,386,40105,40491,30,2148,2178,493,51750,52243
LGA23350,16,1302,1318,43,3707,3750,3,208,211,3,163,166,49,4078,4127,0,167,167,65,5547,5612
LGA23430,46,10199,10245,148,37876,38024,3,1446,1449,11,1830,1841,162,41152,41314,14,1873,1887,222,53224,53446
LGA23670,36,7567,7603,195,39974,40169,7,1307,1314,15,1392,1407,217,42673,42890,12,1548,1560,265,51788,52053
LGA23810,160,6971,7131,246,17327,17573,5,887,892,38,1159,1197,289,19373,19662,27,1128,1155,476,27472,27948
LGA23940,19,1057,1076,27,1576,1603,0,163,163,3,82,85,30,1821,1851,4,107,111,53,2985,3038
LGA24130,21,2227,2248,68,10723,10791,3,560,563,11,434,445,82,11717,11799,4,469,473,107,14413,14520
LGA24210,18,5785,5803,58,29741,29799,3,1068,1071,10,862,872,71,31671,31742,3,1075,1078,92,38531,38623
LGA24250,8,680,688,18,1914,1932,0,117,117,3,120,123,21,2151,2172,0,124,124,29,2955,2984
LGA24330,41,5435,5476,117,17864,17981,5,614,619,20,1279,1299,142,19757,19899,11,1064,1075,194,26256,26450
LGA24410,44,6152,6196,151,28649,28800,5,1036,1041,10,1279,1289,166,30964,31130,14,1045,1059,224,38161,38385
LGA24600,17,3651,3668,103,31654,31757,3,967,970,16,2475,2491,122,35096,35218,12,1077,1089,151,39824,39975
LGA24650,52,5377,5429,248,25615,25863,14,1010,1024,24,1379,1403,286,28004,28290,16,1240,1256,354,34621,34975
LGA24780,292,5336,5628,334,10940,11274,7,601,608,64,755,819,405,12296,12701,68,854,922,765,18486,19251
LGA24850,36,2356,2392,119,8010,8129,3,393,396,16,470,486,138,8873,9011,15,396,411,189,11625,11814
LGA24900,66,3258,3324,103,6147,6250,12,369,381,16,334,350,131,6850,6981,10,433,443,207,10541,10748
LGA24970,32,9685,9717,136,44719,44855,0,1559,1559,12,1414,1426,148,47692,47840,9,1810,1819,189,59187,59376
LGA25060,31,8557,8588,120,27817,27937,5,1030,1035,8,1538,1546,133,30385,30518,16,1436,1452,180,40378,40558
LGA25150,31,2065,2096,88,6732,6820,3,393,396,7,389,396,98,7514,7612,6,364,370,135,9943,10078
LGA25250,83,12686,12769,250,37035,37285,8,1386,1394,24,2298,2322,282,40719,41001,19,2054,2073,384,55459,55843
LGA25340,91,11169,11260,342,36749,37091,14,2003,2017,27,1838,1865,383,40590,40973,19,1898,1917,493,53657,54150
LGA25430,18,1776,1794,48,4394,4442,6,361,367,4,245,249,58,5000,5058,7,240,247,83,7016,7099
LGA25490,29,1484,1513,44,3602,3646,6,189,195,8,226,234,58,4017,4075,5,212,217,92,5713,5805
LGA25620,11,1236,1247,33,3183,3216,4,200,204,6,195,201,43,3578,3621,6,159,165,60,4973,5033
LGA25710,9,1725,1734,73,16057,16130,3,537,540,7,420,427,83,17014,17097,3,527,530,95,19266,19361
LGA25810,21,1511,1532,34,2650,2684,7,183,190,9,172,181,50,3005,3055,5,179,184,76,4695,4771
LGA25900,39,5676,5715,136,30656,30792,3,1169,1172,18,3210,3228,157,35035,35192,12,1150,1162,208,41861,42069
LGA25990,13,849,862,19,1481,1500,5,127,132,0,93,93,24,1701,1725,0,98,98,37,2648,2685
LGA26080,0,278,278,6,827,833,0,54,54,0,25,25,6,906,912,0,26,26,6,1210,1216
LGA26170,37,2634,2671,56,6462,6518,7,524,531,5,361,366,68,7347,7415,9,359,368,114,10340,10454
LGA26260,40,1959,1999,36,3826,3862,3,209,212,5,233,238,44,4268,4312,6,220,226,90,6447,6537
LGA26350,14,5025,5039,88,29608,29696,5,1016,1021,6,2259,2265,99,32883,32982,7,1075,1082,120,38983,39103
LGA26430,18,1125,1143,21,2213,2234,3,173,176,5,119,124,29,2505,2534,3,171,174,50,3801,3851
LGA26490,12,1353,1365,48,6693,6741,4,304,308,3,390,393,55,7387,7442,0,251,251,67,8991,9058
LGA26610,157,2230,2387,138,4091,4229,9,262,271,23,266,289,170,4619,4789,31,357,388,358,7206,7564
LGA26670,9,665,674,19,1388,1407,3,85,88,0,58,58,22,1531,1553,5,92,97,36,2288,2324
LGA26700,29,2948,2977,83,6380,6463,4,411,415,6,376,382,93,7167,7260,9,386,395,131,10501,10632
LGA26730,75,3134,3209,124,7257,7381,4,386,390,19,552,571,147,8195,8342,18,444,462,240,11773,12013
LGA26810,74,4023,4097,136,9694,9830,3,617,620,12,540,552,151,10851,11002,17,548,565,242,15422,15664
LGA26890,3,575,578,7,968,975,3,78,81,3,46,49,13,1092,1105,3,72,75,19,1739,1758
LGA26980,35,9364,9399,114,41466,41580,4,1499,1503,5,1345,1350,123,44310,44433,12,1631,1643,170,55305,55475
LGA27070,108,10048,10156,308,34691,34999,19,1281,1300,30,1869,1899,357,37841,38198,38,1833,1871,503,49722,50225
LGA27170,77,2774,2851,193,8747,8940,4,372,376,22,600,622,219,9719,9938,15,418,433,311,12911,13222
LGA27260,87,7717,7804,362,38941,39303,15,1448,1463,36,2474,2510,413,42863,43276,26,1695,1721,526,52275,52801
LGA27350,53,4516,4569,126,22464,22590,7,774,781,16,2027,2043,149,25265,25414,7,973,980,209,30754,30963
LGA27450,104,7894,7998,335,37562,37897,12,1785,1797,17,1474,1491,364,40821,41185,20,1476,1496,488,50191,50679
LGA27630,9,972,981,19,1517,1536,0,132,132,3,84,87,22,1733,1755,6,111,117,37,2816,2853
LGA29399,0,28,28,0,72,72,0,9,9,0,19,19,0,100,100,0,0,0,0,128,128
LGA29499,0,0,0,0,0,0,0,0,0,0,0,0,0,0,0,0,0,0,0,0,0
LGA30250,170,7,177,7,20,27,0,0,0,5,8,13,12,28,40,3,0,3,185,35,220
LGA30300,116,363,479,120,834,954,7,36,43,17,51,68,144,921,1065,22,53,75,282,1337,1619
LGA30370,83,1161,1244,137,3209,3346,7,146,153,10,208,218,154,3563,3717,13,186,199,250,4910,5160
LGA30410,31,289,320,46,676,722,0,33,33,5,36,41,51,745,796,8,76,84,90,1110,1200
LGA30450,8,43,51,3,67,70,0,7,7,0,0,0,3,74,77,0,3,3,11,120,131
LGA30760,11,238,249,18,490,508,0,18,18,7,38,45,25,546,571,3,42,45,39,826,865
LGA30900,27,29,56,17,68,85,3,3,6,0,3,3,20,74,94,8,8,16,55,111,166
LGA31000,1375,51910,53285,4631,287049,291680,183,8680,8863,467,14943,15410,5281,310672,315953,334,11204,11538,6990,373786,380776
LGA31750,5,27,32,17,63,80,0,4,4,0,0,0,17,67,84,0,4,4,22,98,120
LGA31820,365,8663,9028,709,20552,21261,43,1112,1155,79,1097,1176,831,22761,23592,63,1349,1412,1259,32773,34032
LGA31900,155,1779,1934,144,3692,3836,6,210,216,25,172,197,175,4074,4249,23,283,306,353,6136,6489
LGA31950,17,19,36,14,54,68,0,0,0,0,0,0,14,54,68,3,10,13,34,83,117
LGA32070,1869,8779,10648,2331,37541,39872,127,1537,1664,389,2361,2750,2847,41439,44286,384,1811,2195,5100,52029,57129
LGA32250,112,119,231,61,224,285,3,19,22,7,30,37,71,273,344,27,44,71,210,436,646
LGA32260,405,2554,2959,397,5663,6060,26,359,385,71,343,414,494,6365,6859,50,441,491,949,9360,10309
LGA32270,104,1384,1488,240,6252,6492,5,221,226,30,428,458,275,6901,7176,23,283,306,402,8568,8970
LGA32310,144,1093,1237,133,2320,2453,8,139,147,14,147,161,155,2606,2761,29,180,209,328,3879,4207
LGA32330,188,3,191,44,0,44,6,0,6,4,0,4,54,0,54,0,0,0,242,3,245
LGA32450,127,138,265,69,457,526,7,17,24,10,31,41,86,505,591,19,34,53,232,677,909
LGA32500,137,324,461,55,679,734,8,24,32,11,29,40,74,732,806,20,49,69,231,1105,1336
LGA32600,9,21,30,8,38,46,0,0,0,0,7,7,8,45,53,10,10,20,27,76,103
LGA32750,10,17,27,12,47,59,3,0,3,3,6,9,18,53,71,0,4,4,28,74,102
LGA32770,124,7,131,15,22,37,0,3,3,37,3,40,52,28,80,5,0,5,181,35,216
LGA33100,7,99,106,6,190,196,3,4,7,0,11,11,9,205,214,3,20,23,19,324,343
LGA33200,23,179,202,26,374,400,3,16,19,0,17,17,29,407,436,0,27,27,52,613,665
LGA33220,340,9027,9367,872,22591,23463,32,1214,1246,104,1220,1324,1008,25025,26033,59,1287,1346,1407,35339,36746
LGA33360,195,3110,3305,539,13428,13967,40,572,612,60,732,792,639,14732,15371,35,694,729,869,18536,19405
LGA33430,513,26862,27375,2176,131121,133297,94,5305,5399,241,8608,8849,2511,145034,147545,136,6563,6699,3160,178459,181619
LGA33610,89,1078,1167,89,2135,2224,0,127,127,12,137,149,101,2399,2500,10,159,169,200,3636,3836
LGA33620,157,4428,4585,322,10383,10705,25,791,816,43,647,690,390,11821,12211,28,630,658,575,16879,17454
LGA33800,90,1367,1457,86,2480,2566,5,157,162,13,110,123,104,2747,2851,16,162,178,210,4276,4486
LGA33830,137,4,141,31,5,36,3,0,3,38,9,47,72,14,86,0,0,0,209,18,227
LGA33960,551,10062,10613,1666,37740,39406,69,1564,1633,181,2550,2731,1916,41854,43770,134,1808,1942,2601,53724,56325
LGA33980,33,843,876,193,4950,5143,8,156,164,14,252,266,215,5358,5573,16,188,204,264,6389,6653
LGA34420,171,4,175,14,33,47,0,0,0,0,4,4,14,37,51,4,0,4,189,41,230
LGA34570,77,0,77,3,20,23,0,0,0,3,3,6,6,23,29,3,3,6,86,26,112
LGA34580,104,2751,2855,278,7364,7642,14,408,422,33,427,460,325,8199,8524,17,503,520,446,11453,11899
LGA34590,675,14208,14883,2236,64506,66742,89,2563,2652,213,3440,3653,2538,70509,73047,135,3234,3369,3348,87951,91299
LGA34710,37,332,369,50,904,954,7,47,54,8,72,80,65,1023,1088,6,64,70,108,1419,1527
LGA34770,520,7072,7592,1176,25592,26768,50,1142,1192,129,1394,1523,1355,28128,29483,89,1398,1487,1964,36598,38562
LGA34800,7,61,68,6,188,194,0,12,12,0,11,11,6,211,217,3,9,12,16,281,297
LGA34830,39,0,39,14,6,20,0,3,3,9,0,9,23,9,32,3,0,3,65,9,74
LGA34860,147,1031,1178,190,2577,2767,8,124,132,27,156,183,225,2857,3082,20,166,186,392,4054,4446
LGA35010,715,21465,22180,2554,94810,97364,98,3772,3870,268,4716,4984,2920,103298,106218,159,4051,4210,3794,128814,132608
LGA35250,158,10,168,23,37,60,0,3,3,5,3,8,28,43,71,5,3,8,191,56,247
LGA35300,393,940,1333,440,3776,4216,22,156,178,60,271,331,522,4203,4725,85,257,342,1000,5400,6400
LGA35600,75,447,522,87,883,970,5,33,38,14,44,58,106,960,1066,10,55,65,191,1462,1653
LGA35670,154,4,158,18,3,21,0,0,0,3,0,3,21,3,24,0,0,0,175,7,182
LGA35760,112,1273,1385,104,2010,2114,8,97,105,18,140,158,130,2247,2377,8,213,221,250,3733,3983
LGA35780,313,21,334,80,69,149,19,4,23,30,7,37,129,80,209,10,10,20,452,111,563
LGA35790,36,4,40,57,18,75,6,0,6,256,6,262,319,24,343,3,0,3,358,28,386
LGA35800,98,181,279,51,294,345,3,10,13,11,19,30,65,323,388,20,21,41,183,525,708
LGA36070,102,6,108,24,15,39,0,0,0,10,0,10,34,15,49,3,0,3,139,21,160
LGA36150,25,90,115,21,209,230,3,7,10,3,9,12,27,225,252,0,14,14,52,329,381
LGA36250,255,7403,7658,789,36243,37032,34,1328,1362,66,1559,1625,889,39130,40019,52,1443,1495,1196,47976,49172
LGA36300,9,76,85,9,170,179,0,10,10,0,14,14,9,194,203,6,20,26,24,290,314
LGA36360,683,8516,9199,1256,23782,25038,73,1209,1282,144,1322,1466,1473,26313,27786,116,1433,1549,2272,36262,38534
LGA36510,94,2779,2873,239,8758,8997,13,489,502,34,443,477,286,9690,9976,30,399,429,410,12868,13278
LGA36580,68,1911,1979,171,4788,4959,10,286,296,15,285,300,196,5359,5555,12,270,282,276,7540,7816
LGA36630,190,3235,3425,297,6764,7061,24,415,439,36,399,435,357,7578,7935,33,466,499,580,11279,11859
LGA36660,149,3605,3754,268,7331,7599,9,523,532,40,478,518,317,8332,8649,19,440,459,485,12377,12862
LGA36710,400,19396,19796,1546,83622,85168,70,3635,3705,137,4171,4308,1753,91428,93181,75,3658,3733,2228,114482,116710
LGA36810,568,3931,4499,516,9311,9827,29,624,653,88,477,565,633,10412,11045,109,584,693,1310,14927,16237
LGA36910,541,12137,12678,1207,35674,36881,56,1692,1748,144,1956,2100,1407,39322,40729,105,1674,1779,2053,53133,55186
LGA36950,244,37,281,173,217,390,15,5,20,26,19,45,214,241,455,55,22,77,513,300,813
LGA36960,508,18,526,114,24,138,22,7,29,205,9,214,341,40,381,36,0,36,885,58,943
LGA37010,1090,9740,10830,2053,41471,43524,102,1704,1806,266,2315,2581,2421,45490,47911,224,2003,2227,3735,57233,60968
LGA37300,53,82,135,109,656,765,3,24,27,14,31,45,126,711,837,12,21,33,191,814,1005
LGA37310,205,2848,3053,267,6405,6672,16,340,356,42,413,455,325,7158,7483,35,379,414,565,10385,10950
LGA37340,178,2251,2429,336,6656,6992,20,367,387,38,512,550,394,7535,7929,33,458,491,605,10244,10849
LGA37400,23,146,169,30,277,307,0,18,18,0,17,17,30,312,342,7,29,36,60,487,547
LGA37550,129,9,138,24,10,34,3,0,3,34,6,40,61,16,77,5,4,9,195,29,224
LGA37570,39,0,39,4,8,12,3,0,3,17,0,17,24,8,32,0,0,0,63,8,71
LGA37600,306,3,309,62,10,72,4,0,4,34,0,34,100,10,110,4,0,4,410,13,423
LGA39399,0,0,0,0,0,0,0,0,0,0,0,0,0,0,0,0,0,0,0,0,0
LGA39499,0,0,0,0,0,0,0,0,0,0,0,0,0,0,0,0,0,0,0,0,0
LGA40070,19,1026,1045,35,6075,6110,0,245,245,7,526,533,42,6846,6888,5,239,244,66,8111,8177
LGA40120,15,1860,1875,63,10228,10291,8,657,665,4,379,383,75,11264,11339,9,388,397,99,13512,13611
LGA40220,41,2278,2319,81,5998,6079,5,465,470,8,387,395,94,6850,6944,6,236,242,141,9364,9505
LGA40250,323,50,373,21,106,127,3,13,16,0,4,4,24,123,147,6,3,9,353,176,529
LGA40310,23,1930,1953,41,5661,5702,3,324,327,6,292,298,50,6277,6327,6,224,230,79,8431,8510
LGA40430,5,337,342,6,559,565,4,43,47,5,41,46,15,643,658,0,29,29,20,1009,1029
LGA40520,80,1243,1323,74,2266,2340,4,164,168,15,160,175,93,2590,2683,16,149,165,189,3982,4171
LGA40700,8,2723,2731,53,12311,12364,0,563,563,4,499,503,57,13373,13430,3,430,433,68,16526,16594
LGA40910,40,4531,4571,66,12177,12243,4,674,678,7,613,620,77,13464,13541,8,590,598,125,18585,18710
LGA41010,152,274,426,75,636,711,6,29,35,10,43,53,91,708,799,17,32,49,260,1014,1274
LGA41060,231,11341,11572,327,25896,26223,21,1384,1405,41,1684,1725,389,28964,29353,39,1493,1532,659,41798,42457
LGA41140,11,826,837,21,2143,2164,0,156,156,6,137,143,27,2436,2463,4,94,98,42,3356,3398
LGA41190,0,190,190,5,417,422,0,26,26,0,29,29,5,472,477,0,22,22,5,684,689
LGA41330,48,225,273,23,322,345,0,17,17,0,13,13,23,352,375,13,48,61,84,625,709
LGA41560,39,1734,1773,66,2926,2992,7,227,234,12,166,178,85,3319,3404,3,177,180,127,5230,5357
LGA41750,5,115,120,3,254,257,0,21,21,0,17,17,3,292,295,3,9,12,11,416,427
LGA41830,28,177,205,29,371,400,4,18,22,3,24,27,36,413,449,8,24,32,72,614,686
LGA41960,6,149,155,3,280,283,0,17,17,0,14,14,3,311,314,0,10,10,9,470,479
LGA42030,41,2018,2059,75,5142,5217,6,289,295,14,310,324,95,5741,5836,10,275,285,146,8034,8180
LGA42110,18,510,528,20,933,953,0,84,84,3,65,68,23,1082,1105,0,49,49,41,1641,1682
LGA42250,8,625,633,36,1690,1726,0,173,173,3,106,109,39,1969,2008,0,78,78,47,2672,2719
LGA42600,21,3170,3191,64,9879,9943,5,503,508,8,659,667,77,11041,11118,3,524,527,101,14735,14836
LGA42750,9,457,466,14,1088,1102,0,78,78,3,81,84,17,1247,1264,0,52,52,26,1756,1782
LGA43080,3,148,151,3,214,217,0,16,16,0,13,13,3,243,246,0,17,17,6,408,414
LGA43220,0,110,110,3,247,250,3,16,19,0,21,21,6,284,290,0,12,12,6,406,412
LGA43360,7,296,303,9,502,511,0,39,39,0,43,43,9,584,593,0,32,32,16,912,928
LGA43650,15,880,895,35,3352,3387,5,209,214,3,171,174,43,3732,3775,0,119,119,58,4731,4789
LGA43710,13,392,405,27,1090,1117,4,92,96,7,64,71,38,1246,1284,3,44,47,54,1682,1736
LGA43790,39,1329,1368,44,2471,2515,8,250,258,10,158,168,62,2879,2941,7,157,164,108,4365,4473
LGA43920,13,570,583,52,1886,1938,3,180,183,5,124,129,60,2190,2250,3,83,86,76,2843,2919
LGA44000,13,6,19,0,0,0,0,0,0,3,0,3,3,0,3,0,0,0,16,6,22
LGA44060,121,7674,7795,220,22157,22377,9,1162,1171,34,1339,1373,263,24658,24921,29,1093,1122,413,33425,33838
LGA44210,23,1017,1040,32,1802,1834,4,152,156,4,146,150,40,2100,2140,6,103,109,69,3220,3289
LGA44340,31,4011,4042,107,17468,17575,3,811,814,11,712,723,121,18991,19112,9,602,611,161,23604,23765
LGA44550,23,1801,1824,88,7751,7839,6,466,472,6,438,444,100,8655,8755,3,312,315,126,10768,10894
LGA44620,92,2858,2950,132,5904,6036,10,334,344,21,506,527,163,6744,6907,18,345,363,273,9947,10220
LGA44830,18,325,343,12,673,685,4,53,57,0,27,27,16,753,769,8,35,43,42,1113,1155
LGA45040,142,2223,2365,158,3985,4143,14,284,298,29,366,395,201,4635,4836,25,280,305,368,7138,7506
LGA45090,17,809,826,38,1887,1925,3,120,123,0,134,134,41,2141,2182,3,112,115,61,3062,3123
LGA45120,19,542,561,11,1059,1070,3,90,93,3,58,61,17,1207,1224,0,54,54,36,1803,1839
LGA45290,31,3287,3318,58,10065,10123,0,465,465,6,624,630,64,11154,11218,6,462,468,101,14903,15004
LGA45340,241,11265,11506,573,41920,42493,24,2205,2229,93,2404,2497,690,46529,47219,51,1745,1796,982,59539,60521
LGA45400,0,117,117,10,191,201,0,17,17,0,8,8,10,216,226,0,12,12,10,345,355
LGA45540,17,326,343,15,324,339,0,28,28,5,32,37,20,384,404,6,28,34,43,738,781
LGA45680,343,7109,7452,483,17272,17755,25,988,1013,85,1492,1577,593,19752,20345,65,1142,1207,1001,28003,29004
LGA45890,373,12038,12411,542,26516,27058,38,1430,1468,75,1892,1967,655,29838,30493,85,1662,1747,1113,43538,44651
LGA46090,380,1335,1715,236,2504,2740,11,109,120,56,179,235,303,2792,3095,55,164,219,738,4291,5029
LGA46300,134,1436,1570,98,3182,3280,3,171,174,21,238,259,122,3591,3713,26,209,235,282,5236,5518
LGA46450,86,2462,2548,90,3610,3700,4,220,224,22,258,280,116,4088,4204,22,237,259,224,6787,7011
LGA46510,23,1495,1518,51,5450,5501,0,239,239,5,319,324,56,6008,6064,7,233,240,86,7736,7822
LGA46670,36,1107,1143,35,1883,1918,4,206,210,0,146,146,39,2235,2274,4,166,170,79,3508,3587
LGA46860,5,129,134,8,330,338,0,24,24,0,34,34,8,388,396,0,12,12,13,529,542
LGA46970,8,77,85,20,1080,1100,0,32,32,0,71,71,20,1183,1203,0,30,30,28,1290,1318
LGA47140,300,10538,10838,603,30359,30962,31,1565,1596,77,2170,2247,711,34094,34805,64,1659,1723,1075,46291,47366
LGA47290,3,239,242,11,494,505,0,29,29,0,33,33,11,556,567,0,21,21,14,816,830
LGA47490,0,203,203,6,459,465,0,32,32,0,31,31,6,522,528,3,21,24,9,746,755
LGA47630,6,644,650,9,1528,1537,0,112,112,4,99,103,13,1739,1752,3,64,67,22,2447,2469
LGA47700,80,6104,6184,253,26238,26491,19,1148,1167,25,1106,1131,297,28492,28789,18,974,992,395,35570,35965
LGA47800,59,592,651,39,1171,1210,3,78,81,7,87,94,49,1336,1385,10,71,81,118,1999,2117
LGA47910,6,338,344,3,572,575,0,53,53,0,36,36,3,661,664,0,41,41,9,1040,1049
LGA47980,13,2473,2486,60,10585,10645,0,447,447,7,635,642,67,11667,11734,3,411,414,83,14551,14634
LGA48050,24,1598,1622,26,3468,3494,3,259,262,4,199,203,33,3926,3959,5,157,162,62,5681,5743
LGA48130,14,737,751,23,1499,1522,5,105,110,3,97,100,31,1701,1732,3,81,84,48,2519,2567
LGA48260,6,500,506,7,1955,1962,0,80,80,0,92,92,7,2127,2134,0,100,100,13,2727,2740
LGA48340,38,1392,1430,54,2592,2646,0,190,190,8,177,185,62,2959,3021,4,146,150,104,4497,4601
LGA48410,62,5720,5782,157,14502,14659,6,706,712,22,1030,1052,185,16238,16423,21,790,811,268,22748,23016
LGA48540,177,2511,2688,141,5078,5219,7,219,226,34,379,413,182,5676,5858,27,363,390,386,8550,8936
LGA48640,5,143,148,3,269,272,0,29,29,0,19,19,3,317,320,0,16,16,8,476,484
LGA48750,8,484,492,11,1133,1144,0,104,104,3,63,66,14,1300,1314,3,58,61,25,1842,1867
LGA48830,66,1524,1590,37,2486,2523,3,209,212,8,149,157,48,2844,2892,8,127,135,122,4495,4617
LGA49399,95,264,359,74,648,722,8,47,55,8,70,78,90,765,855,36,59,95,221,1088,1309
LGA49499,0,0,0,0,0,0,0,0,0,0,0,0,0,0,0,0,0,0,0,0,0
LGA50080,156,2866,3022,181,7841,8022,9,486,495,23,499,522,213,8826,9039,27,438,465,396,12130,12526
LGA50210,204,3934,4138,337,15047,15384,20,656,676,45,993,1038,402,16696,17098,41,690,731,647,21320,21967
LGA50250,104,114,218,114,1402,1516,8,54,62,15,56,71,137,1512,1649,12,57,69,253,1683,1936
LGA50280,7,751,758,37,2878,2915,0,170,170,5,227,232,42,3275,3317,5,130,135,54,4156,4210
LGA50350,55,1174,1229,85,3815,3900,4,171,175,4,189,193,93,4175,4268,12,205,217,160,5554,5714
LGA50420,94,4834,4928,194,16590,16784,18,707,725,24,1044,1068,236,18341,18577,26,813,839,356,23988,24344
LGA50490,151,2984,3135,175,8645,8820,16,446,462,33,656,689,224,9747,9971,31,556,587,406,13287,13693
LGA50560,17,197,214,9,364,373,0,24,24,0,22,22,9,410,419,0,22,22,26,629,655
LGA50630,11,106,117,10,384,394,0,19,19,0,28,28,10,431,441,3,19,22,24,556,580
LGA50770,4,152,156,9,391,400,0,29,29,0,17,17,9,437,446,0,13,13,13,602,615
LGA50840,8,377,385,17,1116,1133,0,91,91,4,53,57,21,1260,1281,0,58,58,29,1695,1724
LGA50910,19,90,109,3,182,185,3,11,14,0,11,11,6,204,210,0,19,19,25,313,338
LGA50980,581,467,1048,391,2450,2841,18,93,111,113,232,345,522,2775,3297,92,148,240,1195,3390,4585
LGA51080,28,71,99,6,230,236,3,26,29,0,16,16,9,272,281,9,8,17,46,351,397
LGA51120,3,112,115,8,227,235,0,15,15,3,11,14,11,253,264,0,12,12,14,377,391
LGA51190,126,2951,3077,167,7420,7587,10,457,467,35,677,712,212,8554,8766,30,457,487,368,11962,12330
LGA51260,57,2187,2244,123,7381,7504,4,366,370,21,515,536,148,8262,8410,8,335,343,213,10784,10997
LGA51310,9,1057,1066,16,7132,7148,0,241,241,3,271,274,19,7644,7663,3,237,240,31,8938,8969
LGA51330,110,4533,4643,209,22286,22495,4,894,898,21,1002,1023,234,24182,24416,25,994,1019,369,29709,30078
LGA51400,28,565,593,76,3463,3539,3,176,179,4,204,208,83,3843,3926,9,124,133,120,4532,4652
LGA51470,5,49,54,3,138,141,0,11,11,0,7,7,3,156,159,0,8,8,8,213,221
LGA51540,165,388,553,100,988,1088,6,65,71,20,74,94,126,1127,1253,43,100,143,334,1615,1949
LGA51610,7,81,88,7,270,277,3,26,29,0,15,15,10,311,321,0,11,11,17,403,420
LGA51680,3,218,221,14,1137,1151,0,45,45,0,45,45,14,1227,1241,0,44,44,17,1489,1506
LGA51750,0,445,445,5,2809,2814,0,102,102,0,124,124,5,3035,3040,0,115,115,5,3595,3600
LGA51820,191,5047,5238,307,23056,23363,17,869,886,44,1244,1288,368,25169,25537,53,1013,1066,612,31229,31841
LGA51890,41,880,921,46,1942,1988,3,99,102,7,130,137,56,2171,2227,5,124,129,102,3175,3277
LGA51960,52,217,269,35,777,812,4,34,38,15,54,69,54,865,919,9,48,57,115,1130,1245
LGA52030,11,104,115,6,240,246,0,22,22,3,30,33,9,292,301,0,7,7,20,403,423
LGA52100,5,112,117,7,262,269,0,19,19,0,19,19,7,300,307,3,14,17,15,426,441
LGA52170,0,282,282,4,2197,2201,0,82,82,0,133,133,4,2412,2416,3,77,80,7,2771,2778
LGA52240,7,125,132,4,232,236,0,18,18,0,16,16,4,266,270,0,10,10,11,401,412
LGA52310,5,76,81,3,219,222,0,17,17,0,8,8,3,244,247,0,8,8,8,328,336
LGA52380,12,22,34,3,49,52,0,6,6,0,0,0,3,55,58,4,6,10,19,83,102
LGA52450,7,119,126,9,295,304,0,15,15,0,24,24,9,334,343,0,13,13,16,466,482
LGA52520,10,98,108,8,306,314,3,18,21,0,19,19,11,343,354,0,12,12,21,453,474
LGA52590,20,266,286,12,697,709,3,50,53,0,49,49,15,796,811,3,38,41,38,1100,1138
LGA52660,25,622,647,60,3074,3134,3,143,146,10,192,202,73,3409,3482,3,157,160,101,4188,4289
LGA52730,9,407,416,10,1383,1393,0,96,96,3,85,88,13,1564,1577,3,45,48,25,2016,2041
LGA52800,600,153,753,158,501,659,14,35,49,52,42,94,224,578,802,34,70,104,858,801,1659
LGA52870,12,414,426,28,1285,1313,5,86,91,0,76,76,33,1447,1480,0,62,62,45,1923,1968
LGA52940,0,83,83,5,165,170,0,10,10,0,6,6,5,181,186,0,14,14,5,278,283
LGA53010,4,63,67,3,170,173,0,7,7,0,6,6,3,183,186,0,5,5,7,251,258
LGA53080,19,94,113,10,170,180,0,16,16,7,18,25,17,204,221,6,17,23,42,315,357
LGA53150,3,365,368,12,1987,1999,3,58,61,3,83,86,18,2128,2146,3,93,96,24,2586,2610
LGA53220,199,114,313,116,1065,1181,9,42,51,14,70,84,139,1177,1316,22,41,63,360,1332,1692
LGA53290,67,1048,1115,95,2938,3033,4,171,175,14,217,231,113,3326,3439,10,167,177,190,4541,4731
LGA53360,4,132,136,8,602,610,3,28,31,3,56,59,14,686,700,0,38,38,18,856,874
LGA53430,64,2218,2282,81,7431,7512,4,299,303,19,515,534,104,8245,8349,19,373,392,187,10836,11023
LGA53520,408,2606,3014,445,7901,8346,31,506,537,58,568,626,534,8975,9509,95,432,527,1037,12013,13050
LGA53570,5,372,377,26,1090,1116,3,76,79,4,75,79,33,1241,1274,0,49,49,38,1662,1700
LGA53640,23,91,114,5,286,291,0,24,24,4,23,27,9,333,342,4,15,19,36,439,475
LGA53710,15,96,111,6,229,235,3,24,27,0,10,10,9,263,272,0,10,10,24,369,393
LGA53780,273,6130,6403,481,25206,25687,27,1172,1199,53,1464,1517,561,27842,28403,57,1238,1295,891,35210,36101
LGA53920,344,44,388,59,159,218,11,4,15,69,23,92,139,186,325,16,0,16,499,230,729
LGA53990,42,1375,1417,106,5479,5585,7,298,305,14,313,327,127,6090,6217,11,284,295,180,7749,7929
LGA54060,19,290,309,20,850,870,0,63,63,4,39,43,24,952,976,3,35,38,46,1277,1323
LGA54130,5,69,74,0,264,264,0,9,9,0,19,19,0,292,292,0,21,21,5,382,387
LGA54170,49,5618,5667,299,42377,42676,14,1541,1555,25,1593,1618,338,45511,45849,18,1465,1483,405,52594,52999
LGA54200,67,2760,2827,231,14166,14397,10,608,618,19,471,490,260,15245,15505,15,526,541,342,18531,18873
LGA54280,269,1522,1791,290,6644,6934,20,244,264,48,444,492,358,7332,7690,53,339,392,680,9193,9873
LGA54340,78,402,480,32,826,858,0,53,53,7,48,55,39,927,966,13,53,66,130,1382,1512
LGA54410,22,126,148,6,231,237,0,21,21,0,11,11,6,263,269,3,18,21,31,407,438
LGA54480,0,37,37,0,148,148,0,8,8,0,9,9,0,165,165,0,0,0,0,202,202
LGA54550,8,202,210,19,433,452,0,29,29,6,31,37,25,493,518,6,16,22,39,711,750
LGA54620,15,66,81,3,215,218,0,13,13,3,10,13,6,238,244,0,13,13,21,317,338
LGA54690,0,48,48,4,113,117,0,5,5,0,3,3,4,121,125,0,3,3,4,172,176
LGA54760,6,81,87,4,200,204,0,9,9,0,13,13,4,222,226,3,9,12,13,312,325
LGA54830,101,1880,1981,190,6551,6741,11,301,312,35,525,560,236,7377,7613,12,380,392,349,9637,9986
LGA54900,3,105,108,4,366,370,0,11,11,0,34,34,4,411,415,3,14,17,10,530,540
LGA54970,70,33,103,17,56,73,3,6,9,0,8,8,20,70,90,0,15,15,90,118,208
LGA55040,23,50,73,20,235,255,0,6,6,3,23,26,23,264,287,8,19,27,54,333,387
LGA55110,131,5403,5534,308,17391,17699,18,1053,1071,55,1141,1196,381,19585,19966,33,925,958,545,25913,26458
LGA55180,29,983,1012,49,2022,2071,3,159,162,7,119,126,59,2300,2359,3,106,109,91,3389,3480
LGA55250,89,40,129,11,113,124,3,13,16,0,10,10,14,136,150,13,7,20,116,183,299
LGA55320,67,5279,5346,142,27022,27164,4,1035,1039,18,1003,1021,164,29060,29224,18,990,1008,249,35329,35578
LGA55390,32,7,39,7,24,31,0,3,3,0,3,3,7,30,37,0,3,3,39,40,79
LGA55460,23,300,323,24,715,739,0,36,36,7,61,68,31,812,843,11,38,49,65,1150,1215
LGA55530,7,35,42,0,118,118,3,4,7,0,9,9,3,131,134,0,8,8,10,174,184
LGA55600,57,206,263,25,511,536,0,19,19,4,39,43,29,569,598,13,23,36,99,798,897
LGA55670,21,61,82,3,174,177,0,13,13,3,12,15,6,199,205,3,9,12,30,269,299
LGA55740,12,482,494,20,2476,2496,0,85,85,3,162,165,23,2723,2746,8,109,117,43,3314,3357
LGA55810,46,41,87,7,78,85,0,7,7,0,12,12,7,97,104,0,3,3,53,141,194
LGA55880,0,39,39,0,131,131,0,12,12,0,5,5,0,148,148,0,3,3,0,190,190
LGA55950,7,52,59,0,130,130,0,6,6,0,6,6,0,142,142,0,7,7,7,201,208
LGA56020,24,53,77,8,124,132,0,5,5,0,4,4,8,133,141,4,8,12,36,194,230
LGA56090,62,1812,1874,152,9235,9387,5,427,432,11,251,262,168,9913,10081,12,424,436,242,12149,12391
LGA56160,9,6,15,0,18,18,0,0,0,0,3,3,0,21,21,0,0,0,9,27,36
LGA56230,32,1074,1106,63,3396,3459,6,192,198,0,204,204,69,3792,3861,4,205,209,105,5071,5176
LGA56300,4,127,131,4,337,341,3,14,17,0,15,15,7,366,373,0,16,16,11,509,520
LGA56370,0,91,91,3,198,201,0,10,10,0,11,11,3,219,222,0,10,10,3,320,323
LGA56450,0,40,40,4,206,210,0,12,12,0,13,13,4,231,235,0,8,8,4,279,283
LGA56520,74,434,508,28,820,848,0,58,58,5,66,71,33,944,977,15,40,55,122,1418,1540
LGA56580,3,711,714,16,5800,5816,4,164,168,0,157,157,20,6121,6141,0,169,169,23,7001,7024
LGA56620,188,15,203,17,86,103,9,3,12,4,11,15,30,100,130,7,5,12,225,120,345
LGA56730,85,945,1030,72,2233,2305,5,141,146,15,147,162,92,2521,2613,15,118,133,192,3584,3776
LGA56790,34,336,370,17,717,734,0,71,71,3,40,43,20,828,848,8,44,52,62,1208,1270
LGA56860,0,21,21,4,49,53,0,3,3,0,9,9,4,61,65,3,0,3,7,82,89
LGA56930,0,39,39,0,407,407,0,14,14,0,17,17,0,438,438,0,12,12,0,489,489
LGA57000,3,43,46,8,122,130,0,11,11,0,0,0,8,133,141,3,3,6,14,179,193
LGA57080,13,803,816,21,5289,5310,0,196,196,3,660,663,24,6145,6169,0,173,173,37,7121,7158
LGA57140,30,124,154,10,247,257,0,14,14,4,8,12,14,269,283,3,9,12,47,402,449
LGA57210,28,436,464,17,1107,1124,3,74,77,5,74,79,25,1255,1280,0,57,57,53,1748,1801
LGA57280,247,294,541,290,2340,2630,11,90,101,34,180,214,335,2610,2945,85,145,230,667,3049,3716
LGA57350,23,102,125,8,236,244,0,27,27,0,12,12,8,275,283,4,7,11,35,384,419
LGA57420,4,139,143,9,477,486,3,20,23,0,34,34,12,531,543,0,30,30,16,700,716
LGA57490,146,5816,5962,457,25580,26037,16,1111,1127,61,1656,1717,534,28347,28881,44,1273,1317,724,35436,36160
LGA57560,182,347,529,259,3840,4099,8,114,122,52,257,309,319,4211,4530,43,182,225,544,4740,5284
LGA57630,0,9,9,3,22,25,0,3,3,0,3,3,3,28,31,0,4,4,3,41,44
LGA57700,15,709,724,70,4188,4258,5,233,238,7,240,247,82,4661,4743,0,174,174,97,5544,5641
LGA57770,14,75,89,18,196,214,3,12,15,4,12,16,25,220,245,0,15,15,39,310,349
LGA57840,56,2201,2257,86,12260,12346,3,459,462,10,731,741,99,13450,13549,18,432,450,173,16083,16256
LGA57910,321,14846,15167,488,53225,53713,27,2283,2310,80,3364,3444,595,58872,59467,76,2609,2685,992,76327,77319
LGA57980,12,1046,1058,25,5600,5625,0,198,198,0,393,393,25,6191,6216,8,179,187,45,7416,7461
LGA58050,339,5605,5944,619,26146,26765,26,1039,1065,76,1400,1476,721,28585,29306,71,1221,1292,1131,35411,36542
LGA58190,7,38,45,3,87,90,0,6,6,3,0,3,6,93,99,3,3,6,16,134,150
LGA58260,7,67,74,4,137,141,0,7,7,0,12,12,4,156,160,3,11,14,14,234,248
LGA58330,5,324,329,29,1066,1095,3,91,94,3,51,54,35,1208,1243,6,63,69,46,1595,1641
LGA58400,0,52,52,3,70,73,0,4,4,0,5,5,3,79,82,3,3,6,6,134,140
LGA58470,29,14,43,4,18,22,0,0,0,0,4,4,4,22,26,3,0,3,36,36,72
LGA58510,91,2326,2417,83,9029,9112,4,402,406,22,627,649,109,10058,10167,21,484,505,221,12868,13089
LGA58540,6,72,78,4,225,229,3,17,20,0,12,12,7,254,261,0,8,8,13,334,347
LGA58570,23,2058,2081,72,9249,9321,4,309,313,5,707,712,81,10265,10346,3,381,384,107,12704,12811
LGA58610,13,210,223,5,433,438,0,27,27,0,18,18,5,478,483,5,16,21,23,704,727
LGA58680,0,33,33,3,117,120,0,6,6,0,5,5,3,128,131,0,3,3,3,164,167
LGA58760,206,6616,6822,524,37323,37847,20,1444,1464,76,2021,2097,620,40788,41408,34,1612,1646,860,49016,49876
LGA58820,13,349,362,25,805,830,0,50,50,3,49,52,28,904,932,3,45,48,44,1298,1342
LGA58890,4,80,84,3,224,227,0,16,16,0,12,12,3,252,255,0,13,13,7,345,352
LGA59030,3,28,31,0,63,63,0,0,0,0,0,0,0,63,63,0,3,3,3,94,97
LGA59100,0,67,67,4,181,185,0,17,17,0,9,9,4,207,211,0,13,13,4,287,291
LGA59170,0,87,87,0,233,233,0,13,13,3,20,23,3,266,269,3,10,13,6,363,369
LGA59250,29,14,43,4,38,42,3,0,3,12,7,19,19,45,64,0,3,3,48,62,110
LGA59310,16,98,114,13,361,374,0,23,23,7,17,24,20,401,421,3,24,27,39,523,562
LGA59320,0,27,27,3,103,106,0,9,9,3,6,9,6,118,124,0,6,6,6,151,157
LGA59330,3,64,67,0,128,128,0,6,6,0,10,10,0,144,144,0,9,9,3,217,220
LGA59340,404,248,652,142,1131,1273,6,60,66,23,118,141,171,1309,1480,60,73,133,635,1630,2265
LGA59350,14,4,18,7,22,29,0,4,4,0,0,0,7,26,33,3,0,3,24,30,54
LGA59360,8,112,120,5,295,300,0,18,18,0,18,18,5,331,336,0,21,21,13,464,477
LGA59370,21,310,331,24,805,829,3,68,71,5,48,53,32,921,953,0,46,46,53,1277,1330
LGA59399,0,0,0,0,0,0,0,0,0,0,0,0,0,0,0,0,0,0,0,0,0
LGA59499,0,0,0,0,0,0,0,0,0,0,0,0,0,0,0,0,0,0,0,0,0
LGA60210,30,872,902,59,1312,1371,3,131,134,4,89,93,66,1532,1598,5,79,84,101,2483,2584
LGA60410,158,1249,1407,279,2955,3234,18,179,197,42,288,330,339,3422,3761,17,159,176,514,4830,5344
LGA60610,144,2050,2194,317,4240,4557,9,246,255,47,313,360,373,4799,5172,27,225,252,544,7074,7618
LGA60810,167,2193,2360,383,4667,5050,24,276,300,32,218,250,439,5161,5600,14,310,324,620,7664,8284
LGA61010,21,329,350,23,412,435,0,41,41,4,38,42,27,491,518,0,39,39,48,859,907
LGA61210,110,724,834,255,1528,1783,7,116,123,28,114,142,290,1758,2048,16,73,89,416,2555,2971
LGA61410,170,4367,4537,430,12652,13082,29,730,759,51,755,806,510,14137,14647,23,638,661,703,19142,19845
LGA61510,71,1132,1203,76,1910,1986,4,151,155,14,161,175,94,2222,2316,11,140,151,176,3494,3670
LGA61610,159,2751,2910,385,5315,5700,22,322,344,41,371,412,448,6008,6456,34,364,398,641,9123,9764
LGA61810,31,824,855,50,1476,1526,0,101,101,8,120,128,58,1697,1755,8,78,86,97,2599,2696
LGA62010,27,86,113,40,152,192,3,8,11,0,20,20,43,180,223,4,5,9,74,271,345
LGA62210,52,791,843,61,1381,1442,4,102,106,8,102,110,73,1585,1658,6,98,104,131,2474,2605
LGA62410,29,589,618,43,876,919,3,63,66,9,56,65,55,995,1050,4,46,50,88,1630,1718
LGA62610,279,5621,5900,533,9703,10236,26,629,655,72,755,827,631,11087,11718,40,638,678,950,17346,18296
LGA62810,63,3420,3483,240,13677,13917,8,642,650,24,995,1019,272,15314,15586,18,525,543,353,19259,19612
LGA63010,159,1330,1489,331,3247,3578,25,232,257,45,242,287,401,3721,4122,17,184,201,577,5235,5812
LGA63210,32,591,623,76,1306,1382,4,100,104,4,68,72,84,1474,1558,0,65,65,116,2130,2246
LGA63410,3,211,214,12,370,382,0,21,21,0,35,35,12,426,438,3,22,25,18,659,677
LGA63610,83,2120,2203,330,8713,9043,20,508,528,41,476,517,391,9697,10088,16,331,347,490,12148,12638
LGA63810,53,1008,1061,133,2182,2315,7,133,140,13,139,152,153,2454,2607,4,109,113,210,3571,3781
LGA64010,295,6670,6965,567,14936,15503,25,838,863,82,1128,1210,674,16902,17576,46,846,892,1015,24418,25433
LGA64210,56,1922,1978,138,4467,4605,5,266,271,21,229,250,164,4962,5126,4,216,220,224,7100,7324
LGA64610,51,1311,1362,80,2781,2861,3,192,195,12,172,184,95,3145,3240,5,142,147,151,4598,4749
LGA64810,49,1221,1270,149,3052,3201,7,219,226,19,238,257,175,3509,3684,12,167,179,236,4897,5133
LGA65010,33,714,747,68,1175,1243,6,100,106,7,84,91,81,1359,1440,8,63,71,122,2136,2258
LGA65210,24,260,284,30,509,539,3,41,44,0,42,42,33,592,625,5,38,43,62,890,952
LGA65410,109,1440,1549,229,3005,3234,17,179,196,24,200,224,270,3384,3654,15,158,173,394,4982,5376
LGA65610,34,560,594,87,1014,1101,4,71,75,8,76,84,99,1161,1260,4,72,76,137,1793,1930
LGA65810,33,1659,1692,152,5587,5739,11,306,317,9,270,279,172,6163,6335,5,226,231,210,8048,8258
LGA69399,0,0,0,0,0,0,0,0,0,0,0,0,0,0,0,0,0,0,0,0,0
LGA69499,0,0,0,0,0,0,0,0,0,0,0,0,0,0,0,0,0,0,0,0,0
LGA70200,562,932,1494,550,5139,5689,23,222,245,92,382,474,665,5743,6408,223,274,497,1450,6949,8399
LGA70420,601,117,718,116,445,561,12,29,41,28,51,79,156,525,681,75,56,131,832,698,1530
LGA70540,23,0,23,4,5,9,0,0,0,0,0,0,4,5,9,4,0,4,31,5,36
LGA70620,385,31,416,13,126,139,6,9,15,53,9,62,72,144,216,17,17,34,474,192,666
LGA70700,48,92,140,25,186,211,3,9,12,3,16,19,31,211,242,7,11,18,86,314,400
LGA71000,723,3154,3877,1170,15777,16947,62,718,780,156,1363,1519,1388,17858,19246,246,879,1125,2357,21891,24248
LGA71300,770,38,808,110,185,295,7,12,19,20,33,53,137,230,367,19,9,28,926,277,1203
LGA72200,283,324,607,178,1439,1617,17,74,91,60,151,211,255,1664,1919,127,135,262,665,2123,2788
LGA72300,119,842,961,299,3554,3853,27,223,250,25,257,282,351,4034,4385,32,200,232,502,5076,5578
LGA72330,562,56,618,59,166,225,8,9,17,51,11,62,118,186,304,60,25,85,740,267,1007
LGA72800,349,974,1323,657,5741,6398,17,199,216,100,463,563,774,6403,7177,70,245,315,1193,7622,8815
LGA73600,503,89,592,50,216,266,0,14,14,75,27,102,125,257,382,52,48,100,680,394,1074
LGA74050,402,12,414,33,65,98,3,3,6,18,4,22,54,72,126,15,6,21,471,90,561
LGA74500,656,107,763,59,236,295,0,10,10,8,36,44,67,282,349,11,47,58,734,436,1170
LGA74560,3,33,36,3,96,99,3,11,14,0,8,8,6,115,121,3,6,9,12,154,166
LGA74660,410,53,463,74,317,391,3,17,20,74,39,113,151,373,524,16,24,40,577,450,1027
LGA79399,39,247,286,104,1557,1661,5,60,65,10,128,138,119,1745,1864,3,72,75,161,2064,2225
LGA79499,0,0,0,0,0,0,0,0,0,0,0,0,0,0,0,0,0,0,0,0,0
LGA89399,403,14902,15305,1716,99791,101507,65,3773,3838,164,5523,5687,1945,109087,111032,97,2991,3088,2445,126980,129425
LGA89499,0,0,0,0,0,0,0,0,0,0,0,0,0,0,0,0,0,0,0,0,0
LGA99399,36,179,215,28,369,397,3,22,25,4,16,20,35,407,442,3,34,37,74,620,694
LGA99499,0,0,0,0,0,0,0,0,0,0,0,0,0,0,0,0,0,0,0,0,0
