region_id,Indigenous_Aboriginal_M,Indigenous_Aboriginal_F,Indigenous_Aboriginal_P,Indigenous_Torres_Strait_Is_M,Indigenous_Torres_Strait_Is_F,Indigenous_Torres_Strait_Is_P,Indig_Bth_Abor_Torr_Strt_Is_M,Indig_Bth_Abor_Torr_Strt_Is_F,Indig_Bth_Abor_Torr_Strt_Is_P,Indigenous_TotM,Indigenous_TotF,Indigenous_TotP,Non_Indig_M,Non_Indig_F,Non_Indig_P,Indigenous_status_nsM,Indigenous_status_nsF,Indigenous_status_nsP,Tot_M,Tot_F,Tot_P
LGA10050,509,534,1043,29,16,45,7,13,20,545,563,1108,21407,23183,44590,1118,993,2111,23070,24739,47809
LGA10110,682,802,1484,5,5,10,12,7,19,699,814,1513,10191,11060,21251,623,716,1339,11513,12590,24103
LGA10150,106,110,216,6,4,10,4,4,8,116,118,234,18557,19799,38356,1359,1265,2624,20032,21182,41214
LGA10200,240,181,421,10,5,15,7,5,12,257,191,448,35179,33122,68301,2790,2200,4990,38226,35513,73739
LGA10250,522,645,1167,15,14,29,19,10,29,556,669,1225,17578,19082,36660,709,679,1388,18843,20430,39273
LGA10300,62,79,141,4,3,7,3,3,6,69,85,154,1012,965,1977,94,57,151,1175,1107,2282
LGA10350,587,689,1276,42,49,91,11,9,20,640,747,1387,84030,86798,170828,5259,4879,10138,89929,92424,182353
LGA10470,826,739,1565,15,21,36,14,19,33,855,779,1634,17552,17569,35121,920,844,1764,19327,19192,38519
LGA10550,427,446,873,10,8,18,6,8,14,443,462,905,14569,15128,29697,672,675,1347,15684,16265,31949
LGA10600,179,183,362,7,3,10,7,0,7,193,186,379,5685,6098,11783,195,160,355,6073,6444,12517
LGA10650,76,80,156,3,5,8,3,0,3,82,85,167,3752,3811,7563,168,166,334,4002,4062,8064
LGA10750,3905,3910,7815,128,117,245,73,66,139,4106,4093,8199,139011,141528,280539,6429,5932,12361,149546,151553,301099
LGA10800,119,109,228,0,6,6,3,0,3,122,115,237,2717,2767,5484,79,63,142,2918,2945,5863
LGA10850,104,96,200,0,4,4,0,0,0,104,100,204,3216,3249,6465,167,148,315,3487,3497,6984
LGA10900,643,634,1277,13,11,24,5,12,17,661,657,1318,34121,36747,70868,1926,1828,3754,36708,39232,75940
LGA10950,195,214,409,4,3,7,0,3,3,199,220,419,1178,1111,2289,100,93,193,1477,1424,2901
LGA11000,26,14,40,0,0,0,0,7,7,26,21,47,1143,1146,2289,48,25,73,1217,1192,2409
LGA11050,20,25,45,0,0,0,0,0,0,20,25,45,1145,1125,2270,39,44,83,1204,1194,2398
LGA11100,283,308,591,8,9,17,3,3,6,294,320,614,18019,18413,36432,1181,1130,2311,19494,19863,39357
LGA11150,402,443,845,3,7,10,6,6,12,411,456,867,846,790,1636,205,163,368,1462,1409,2871
LGA11200,502,532,1034,3,3,6,0,3,3,505,538,1043,327,296,623,52,48,100,884,882,1766
LGA11250,639,716,1355,11,8,19,12,9,21,662,733,1395,7823,8201,16024,531,566,1097,9016,9500,18516
LGA11300,52,63,115,5,0,5,0,0,0,57,63,120,14912,15701,30613,942,748,1690,15911,16512,32423
LGA11350,207,229,436,23,18,41,16,22,38,246,269,515,13135,13898,27033,903,758,1661,14284,14925,29209
LGA11400,184,193,377,4,4,8,8,6,14,196,203,399,6050,6021,12071,159,193,352,6405,6417,12822
LGA11450,557,532,1089,7,9,16,7,5,12,571,546,1117,26256,27332,53588,1052,963,2015,27879,28841,56720
LGA11500,2078,2438,4516,68,77,145,36,32,68,2182,2547,4729,65567,68494,134061,3590,3588,7178,71339,74629,145968
LGA11520,121,146,267,8,8,16,0,3,3,129,157,286,34225,36747,70972,2449,2056,4505,36803,38960,75763
LGA11550,339,382,721,25,25,50,4,20,24,368,427,795,63821,64279,128100,4520,4037,8557,68709,68743,137452
LGA11600,74,100,174,0,0,0,0,0,0,74,100,174,1231,1072,2303,61,49,110,1366,1221,2587
LGA11700,364,395,759,0,0,0,0,0,0,364,395,759,627,518,1145,56,28,84,1047,941,1988
LGA11720,1171,1139,2310,33,38,71,36,39,75,1240,1216,2456,22800,23252,46052,1217,1115,2332,25257,25583,50840
LGA11730,1344,1377,2721,40,39,79,20,24,44,1404,1440,2844,22135,22775,44910,974,937,1911,24513,25152,49665
LGA11750,315,274,589,3,6,9,3,5,8,321,285,606,1942,1816,3758,197,149,346,2460,2250,4710
LGA11800,1261,1414,2675,41,35,76,33,32,65,1335,1481,2816,30390,32309,62699,1477,1422,2899,33202,35212,68414
LGA11860,12,16,28,3,0,3,0,0,0,15,16,31,777,685,1462,24,22,46,816,723,1539
LGA12000,47,56,103,0,3,3,0,0,0,47,59,106,1864,1935,3799,95,100,195,2006,2094,4100
LGA12050,126,123,249,4,4,8,3,4,7,133,131,264,4556,4548,9104,211,192,403,4900,4871,9771
LGA12150,569,609,1178,0,0,0,0,0,0,569,609,1178,1334,1272,2606,127,119,246,2030,2000,4030
LGA12200,126,145,271,0,4,4,8,0,8,134,149,283,3223,3484,6707,195,148,343,3552,3781,7333
LGA12300,65,69,134,3,0,3,3,3,6,71,72,143,5196,5259,10455,219,183,402,5486,5514,11000
LGA12350,397,363,760,14,7,21,4,8,12,415,378,793,5299,5396,10695,342,317,659,6056,6091,12147
LGA12500,136,106,242,4,8,12,3,0,3,143,114,257,3123,3384,6507,188,170,358,3454,3668,7122
LGA12600,2320,2531,4851,24,41,65,29,40,69,2373,2612,4985,15463,16644,32107,893,821,1714,18729,20077,38806
LGA12700,124,127,251,4,3,7,4,3,7,132,133,265,3885,3840,7725,172,157,329,4189,4130,8319
LGA12750,871,888,1759,18,20,38,6,13,19,895,921,1816,15707,16322,32029,977,919,1896,17579,18162,35741
LGA12850,604,598,1202,52,46,98,10,13,23,666,657,1323,87480,90415,177895,4375,4173,8548,92521,95245,187766
LGA12900,410,436,846,12,11,23,10,4,14,432,451,883,3959,4013,7972,157,159,316,4548,4623,9171
LGA12950,268,256,524,3,3,6,0,4,4,271,263,534,1727,1882,3609,107,117,224,2105,2262,4367
LGA13010,238,220,458,7,6,13,10,8,18,255,234,489,3840,3980,7820,191,156,347,4286,4370,8656
LGA13050,113,114,227,0,0,0,0,0,0,113,114,227,2237,2257,4494,81,75,156,2431,2446,4877
LGA13100,1688,1691,3379,66,48,114,31,33,64,1785,1772,3557,72577,78587,151164,3962,3756,7718,78324,84115,162439
LGA13310,395,340,735,16,20,36,8,0,8,419,360,779,12868,12752,25620,594,487,1081,13881,13599,27480
LGA13320,638,634,1272,17,14,31,8,14,22,663,662,1325,15292,15999,31291,906,908,1814,16861,17569,34430
LGA13340,79,95,174,9,8,17,4,7,11,92,110,202,4621,4541,9162,246,205,451,4959,4856,9815
LGA13380,1163,1218,2381,39,25,64,28,29,57,1230,1272,2502,20339,21574,41913,1088,1038,2126,22657,23884,46541
LGA13450,484,497,981,11,5,16,3,3,6,498,505,1003,10906,10947,21853,831,677,1508,12235,12129,24364
LGA13500,45,45,90,0,0,0,0,0,0,45,45,90,1751,1693,3444,73,55,128,1869,1793,3662
LGA13550,667,665,1332,11,6,17,7,7,14,685,678,1363,5027,5070,10097,320,285,605,6032,6033,12065
LGA13650,216,215,431,0,4,4,3,3,6,219,222,441,1876,1876,3752,109,94,203,2204,2192,4396
LGA13660,87,74,161,18,10,28,0,0,0,105,84,189,2335,2306,4641,74,62,136,2514,2452,4966
LGA13700,73,72,145,4,4,8,4,4,8,81,80,161,1616,1656,3272,80,70,150,1777,1806,3583
LGA13800,780,774,1554,26,8,34,8,13,21,814,795,1609,28737,29076,57813,1506,1427,2933,31057,31298,62355
LGA13850,89,75,164,3,0,3,0,0,0,92,75,167,1313,1335,2648,74,66,140,1479,1476,2955
LGA13950,352,393,745,24,26,50,10,12,22,386,431,817,45773,46980,92753,2945,2648,5593,49104,50059,99163
LGA14000,241,269,510,13,21,34,7,11,18,261,301,562,73909,77918,151827,2288,2171,4459,76458,80390,156848
LGA14100,38,14,52,0,0,0,3,0,3,41,14,55,6259,6430,12689,238,234,472,6538,6678,13216
LGA14150,202,239,441,19,13,32,9,7,16,230,259,489,36503,38927,75430,1494,1443,2937,38227,40629,78856
LGA14200,521,479,1000,19,14,33,8,13,21,548,506,1054,7013,7420,14433,338,252,590,7899,8178,16077
LGA14250,23,23,46,0,0,0,0,0,0,23,23,46,733,642,1375,46,29,75,802,694,1496
LGA14300,271,112,383,8,0,8,3,0,3,282,112,394,2906,2316,5222,152,112,264,3340,2540,5880
LGA14350,1514,1517,3031,11,9,20,44,21,65,1569,1547,3116,11906,11844,23750,636,630,1266,14111,14021,28132
LGA14400,134,136,270,3,5,8,5,3,8,142,144,286,9302,9768,19070,347,282,629,9791,10194,19985
LGA14450,101,113,214,0,3,3,3,7,10,104,123,227,26004,27370,53374,1140,1064,2204,27248,28557,55805
LGA14500,55,69,124,10,11,21,0,3,3,65,83,148,50352,54981,105333,1843,1974,3817,52260,57038,109298
LGA14550,245,222,467,8,8,16,0,5,5,253,235,488,4159,4138,8297,229,213,442,4641,4586,9227
LGA14600,492,556,1048,5,3,8,4,3,7,501,562,1063,2600,2556,5156,146,110,256,3247,3228,6475
LGA14650,2599,2785,5384,57,73,130,46,35,81,2702,2893,5595,86417,90822,177239,3192,2979,6171,92311,96694,189005
LGA14700,28,43,71,0,0,0,4,4,8,32,47,79,14659,15599,30258,568,607,1175,15259,16253,31512
LGA14750,295,343,638,0,12,12,0,0,0,295,355,650,4852,4903,9755,290,342,632,5437,5600,11037
LGA14800,216,264,480,9,11,20,8,7,15,233,282,515,23006,25810,48816,1488,1378,2866,24727,27470,52197
LGA14850,869,928,1797,27,20,47,41,30,71,937,978,1915,19086,20107,39193,881,778,1659,20904,21863,42767
LGA14870,466,389,855,26,19,45,0,0,0,492,408,900,9264,8962,18226,534,500,1034,10290,9870,20160
LGA14900,1210,1302,2512,58,52,110,31,25,56,1299,1379,2678,82641,84253,166894,5384,5187,10571,89324,90819,180143
LGA14920,382,399,781,12,11,23,4,8,12,398,418,816,3209,3149,6358,164,142,306,3771,3709,7480
LGA14950,51,27,78,0,0,0,0,0,0,51,27,78,1412,1393,2805,64,51,115,1527,1471,2998
LGA15050,1065,1169,2234,38,26,64,24,32,56,1127,1227,2354,30534,32028,62562,1345,1219,2564,33006,34474,67480
LGA15150,61,38,99,6,4,10,0,4,4,67,46,113,18093,19164,37257,1248,1130,2378,19408,20340,39748
LGA15200,477,557,1034,16,24,40,20,17,37,513,598,1111,34412,35661,70073,2911,2405,5316,37836,38664,76500
LGA15270,431,409,840,18,6,24,0,6,6,449,421,870,10100,10097,20197,737,515,1252,11286,11033,22319
LGA15300,1292,1442,2734,10,19,29,15,14,29,1317,1475,2792,4968,4644,9612,544,480,1024,6829,6599,13428
LGA15350,11,16,27,3,0,3,0,0,0,14,16,30,11837,13665,25502,970,951,1921,12821,14632,27453
LGA15500,109,121,230,0,0,0,0,0,0,109,121,230,3221,3223,6444,164,120,284,3494,3464,6958
LGA15550,113,102,215,6,0,6,3,4,7,122,106,228,998,889,1887,75,72,147,1195,1067,2262
LGA15650,417,404,821,10,9,19,4,3,7,431,416,847,7242,6773,14015,490,438,928,8163,7627,15790
LGA15700,646,674,1320,12,14,26,4,9,13,662,697,1359,8057,8510,16567,372,344,716,9091,9551,18642
LGA15750,642,691,1333,12,16,28,18,9,27,672,716,1388,5485,5429,10914,322,302,624,6479,6447,12926
LGA15800,283,302,585,3,0,3,3,0,3,289,302,591,2443,2490,4933,188,190,378,2920,2982,5902
LGA15850,578,674,1252,12,7,19,12,7,19,602,688,1290,2531,2478,5009,158,127,285,3291,3293,6584
LGA15900,1874,1872,3746,57,61,118,34,29,63,1965,1962,3927,67772,70432,138204,3416,2987,6403,73153,75381,148534
LGA15950,70,50,120,6,7,13,0,0,0,76,57,133,26889,30055,56944,2702,2512,5214,29667,32624,62291
LGA16100,80,57,137,9,6,15,3,4,7,92,67,159,2464,2229,4693,104,86,190,2660,2382,5042
LGA16150,969,1003,1972,24,19,43,17,18,35,1010,1040,2050,16545,17582,34127,1025,855,1880,18580,19477,38057
LGA16180,111,111,222,0,3,3,0,0,0,111,114,225,6647,6657,13304,434,389,823,7192,7160,14352
LGA16200,581,605,1186,9,8,17,5,4,9,595,617,1212,6166,6392,12558,434,389,823,7195,7398,14593
LGA16250,697,610,1307,37,34,71,10,15,25,744,659,1403,77732,78256,155988,5084,4385,9469,83560,83300,166860
LGA16350,2540,2648,5188,58,62,120,31,47,78,2629,2757,5386,81630,84123,165753,3829,3499,7328,88088,90379,178467
LGA16370,127,107,234,4,3,7,5,7,12,136,117,253,26546,28024,54570,1229,1101,2330,27911,29242,57153
LGA16380,1149,1160,2309,25,24,49,30,28,58,1204,1212,2416,32235,35167,67402,1496,1384,2880,34935,37763,72698
LGA16400,1064,1154,2218,37,34,71,18,19,37,1119,1207,2326,29086,30118,59204,1701,1574,3275,31906,32899,64805
LGA16470,536,553,1089,11,12,23,16,10,26,563,575,1138,17481,17625,35106,992,755,1747,19036,18955,37991
LGA16550,878,848,1726,38,35,73,27,17,44,943,900,1843,57695,60385,118080,4729,4337,9066,63367,65622,128989
LGA16610,672,728,1400,13,18,31,11,11,22,696,757,1453,9720,9946,19666,488,430,918,10904,11133,22037
LGA16650,277,264,541,17,9,26,5,3,8,299,276,575,44742,46247,90989,3067,2710,5777,48108,49233,97341
LGA16700,151,163,314,9,14,23,8,7,15,168,184,352,47657,50663,98320,2236,2131,4367,50061,52978,103039
LGA16900,914,916,1830,42,32,74,10,16,26,966,964,1930,29119,30458,59577,1074,1023,2097,31159,32445,63604
LGA16950,2063,2111,4174,49,49,98,27,19,46,2139,2179,4318,41081,42581,83662,2491,2340,4831,45711,47100,92811
LGA17000,394,413,807,14,9,23,7,8,15,415,430,845,10715,10208,20923,518,408,926,11648,11046,22694
LGA17050,38,25,63,4,8,12,0,0,0,42,33,75,3430,3068,6498,542,393,935,4014,3494,7508
LGA17100,57,32,89,5,4,9,0,4,4,62,40,102,16283,16278,32561,1313,1213,2526,17658,17531,35189
LGA17150,857,787,1644,43,31,74,9,12,21,909,830,1739,98427,103479,201906,3831,3386,7217,103167,107695,210862
LGA17200,1015,1028,2043,41,28,69,32,32,64,1088,1088,2176,76250,69364,145614,12228,9488,21716,89566,79940,169506
LGA17310,2209,2315,4524,49,59,108,48,41,89,2306,2415,4721,23937,25070,49007,1280,1284,2564,27523,28769,56292
LGA17350,51,39,90,4,8,12,0,0,0,55,47,102,2720,2755,5475,99,100,199,2874,2902,5776
LGA17400,212,231,443,3,3,6,3,9,12,218,243,461,2960,3016,5976,214,160,374,3392,3419,6811
LGA17420,283,311,594,9,12,21,10,7,17,302,330,632,81194,83233,164427,2490,2325,4815,83986,85888,169874
LGA17450,42,29,71,5,0,5,7,0,7,54,29,83,1648,1473,3121,84,71,155,1786,1573,3359
LGA17500,195,268,463,3,11,14,9,6,15,207,285,492,5104,4916,10020,216,207,423,5527,5408,10935
LGA17550,1175,1180,2355,139,131,270,171,144,315,1485,1455,2940,37556,40682,78238,1970,1956,3926,41011,44093,85104
LGA17620,261,241,502,6,10,16,8,9,17,275,260,535,6302,6330,12632,286,299,585,6863,6889,13752
LGA17640,53,65,118,0,0,0,3,0,3,56,65,121,3399,3377,6776,152,146,298,3607,3588,7195
LGA17650,165,176,341,4,5,9,3,4,7,172,185,357,2672,2764,5436,136,104,240,2980,3053,6033
LGA17700,22,13,35,0,4,4,0,0,0,22,17,39,552,498,1050,32,36,68,606,551,1157
LGA17750,1293,1359,2652,27,21,48,12,20,32,1332,1400,2732,26658,28109,54767,990,970,1960,28980,30479,59459
LGA17800,47,47,94,0,0,0,0,0,0,47,47,94,1829,1779,3608,150,109,259,2026,1935,3961
LGA17850,110,109,219,0,3,3,0,0,0,110,112,222,1347,1374,2721,46,32,78,1503,1518,3021
LGA17900,852,934,1786,4,6,10,5,11,16,861,951,1812,2343,1814,4157,285,200,485,3489,2965,6454
LGA17950,157,210,367,0,0,0,0,0,0,157,210,367,1164,1113,2277,65,49,114,1386,1372,2758
LGA18000,265,276,541,24,22,46,11,5,16,300,303,603,66086,68885,134971,2725,2442,5167,69111,71630,140741
LGA18020,429,440,869,0,4,4,8,7,15,437,451,888,4068,4076,8144,297,258,555,4802,4785,9587
LGA18050,117,110,227,4,9,13,3,3,6,124,122,246,27538,28902,56440,3599,3203,6802,31261,32227,63488
LGA18100,40,27,67,0,0,0,0,0,0,40,27,67,1732,1727,3459,84,52,136,1856,1806,3662
LGA18150,942,708,1650,15,9,24,19,8,27,976,725,1701,3233,3138,6371,218,204,422,4427,4067,8494
LGA18200,302,351,653,7,4,11,5,10,15,314,365,679,2928,2675,5603,191,137,328,3433,3177,6610
LGA18250,60,50,110,4,11,15,4,6,10,68,67,135,30811,33346,64157,1583,1481,3064,32462,34894,67356
LGA18350,339,396,735,14,15,29,19,19,38,372,430,802,19978,21826,41804,921,869,1790,21271,23125,44396
LGA18400,485,522,1007,13,5,18,3,7,10,501,534,1035,20274,20311,40585,835,805,1640,21610,21650,43260
LGA18450,1984,2059,4043,61,66,127,27,31,58,2072,2156,4228,89034,91291,180325,4143,3722,7865,95249,97169,192418
LGA18500,56,51,107,3,3,6,0,0,0,59,54,113,21731,24879,46610,2773,2662,5435,24563,27595,52158
LGA18550,2535,2677,5212,71,77,148,45,57,102,2651,2811,5462,66564,71514,138078,3164,3043,6207,72379,77368,149747
LGA18710,156,128,284,0,4,4,3,3,6,159,135,294,6901,7066,13967,391,369,760,7451,7570,15021
LGA18750,172,200,372,3,3,6,0,0,0,175,203,378,5491,5766,11257,304,296,600,5970,6265,12235
LGA19399,23,16,39,0,0,0,0,0,0,23,16,39,576,519,1095,23,13,36,622,548,1170
LGA19499,481,373,854,21,11,32,19,7,26,521,391,912,6225,4450,10675,846,484,1330,7592,5325,12917
LGA20110,43,41,84,0,0,0,0,0,0,43,41,84,5576,5759,11335,258,205,463,5877,6005,11882
LGA20260,55,40,95,6,7,13,0,0,0,61,47,108,5450,5222,10672,188,214,402,5699,5483,11182
LGA20570,483,539,1022,49,43,92,6,19,25,538,601,1139,42368,46087,88455,1976,1932,3908,44882,48620,93502
LGA20660,274,305,579,12,12,24,6,8,14,292,325,617,54989,58569,113558,2146,1985,4131,57427,60879,118306
LGA20740,92,97,189,7,6,13,0,5,5,99,108,207,13655,14205,27860,746,801,1547,14500,15114,29614
LGA20830,179,204,383,16,8,24,0,3,3,195,215,410,20017,20911,40928,797,729,1526,21009,21855,42864
LGA20910,62,76,138,4,11,15,0,0,0,66,87,153,41754,45805,87559,2021,2080,4101,43841,47972,91813
LGA21010,65,85,150,0,8,8,5,3,8,70,96,166,6349,6681,13030,218,232,450,6637,7009,13646
LGA21110,92,103,195,11,9,20,4,3,7,107,115,222,73286,79760,153046,3107,2808,5915,76500,82683,159183
LGA21180,281,293,574,45,45,90,19,19,38,345,357,702,84951,85436,170387,6046,5600,11646,91342,91393,182735
LGA21270,13,18,31,3,3,6,0,0,0,16,21,37,3117,3053,6170,95,81,176,3228,3155,6383
LGA21370,390,391,781,19,8,27,4,5,9,413,404,817,16811,17162,33973,773,800,1573,17997,18366,36363
LGA21450,187,212,399,6,12,18,7,3,10,200,227,427,34973,35806,70779,1531,1439,2970,36704,37472,74176
LGA21610,591,636,1227,71,72,143,18,13,31,680,721,1401,119729,121608,241337,5044,4600,9644,125453,126929,252382
LGA21670,67,54,121,4,11,15,4,3,7,75,68,143,5889,6011,11900,238,216,454,6202,6295,12497
LGA21750,83,85,168,5,9,14,0,0,0,88,94,182,9658,9723,19381,394,388,782,10140,10205,20345
LGA21830,62,47,109,5,8,13,0,0,0,67,55,122,7850,7812,15662,313,279,592,8230,8146,16376
LGA21890,499,550,1049,25,29,54,23,28,51,547,607,1154,61925,65896,127821,3983,3516,7499,66455,70019,136474
LGA22110,653,671,1324,9,8,17,8,3,11,670,682,1352,19282,19921,39203,846,794,1640,20798,21397,42195
LGA22170,439,468,907,44,41,85,6,12,18,489,521,1010,58301,61185,119486,3062,2900,5962,61852,64606,126458
LGA22250,74,80,154,3,3,6,3,3,6,80,86,166,4838,4904,9742,227,233,460,5145,5223,10368
LGA22310,103,103,206,3,7,10,6,10,16,112,120,232,60660,64344,125004,2989,2789,5778,63761,67253,131014
LGA22410,185,199,384,3,7,10,4,7,11,192,213,405,9161,9161,18322,439,410,849,9792,9784,19576
LGA22490,54,64,118,3,4,7,5,0,5,62,68,130,9163,8843,18006,323,311,634,9548,9222,18770
LGA22620,668,673,1341,39,33,72,15,14,29,722,720,1442,46055,49287,95342,1999,1834,3833,48776,51841,100617
LGA22670,192,213,405,42,27,69,9,8,17,243,248,491,64355,63399,127754,3924,3436,7360,68522,67083,135605
LGA22750,801,863,1664,46,47,93,17,14,31,864,924,1788,97314,103542,200856,4287,3943,8230,102465,108409,210874
LGA22830,957,1045,2002,22,24,46,17,16,33,996,1085,2081,27327,27988,55315,1559,1493,3052,29882,30566,60448
LGA22910,37,44,81,8,0,8,3,0,3,48,44,92,6567,7025,13592,337,346,683,6952,7415,14367
LGA22980,38,47,85,0,3,3,0,0,0,38,50,88,2741,2780,5521,102,87,189,2881,2917,5798
LGA23110,190,170,360,21,7,28,3,3,6,214,180,394,39126,39994,79120,2279,2070,4349,41619,42244,83863
LGA23190,135,134,269,4,6,10,0,0,0,139,140,279,8903,9414,18317,367,315,682,9409,9869,19278
LGA23270,475,477,952,36,33,69,14,13,27,525,523,1048,78103,79734,157837,4398,4279,8677,83026,84536,167562
LGA23350,61,75,136,3,3,6,0,0,0,64,78,142,7149,7300,14449,314,276,590,7527,7654,15181
LGA23430,165,156,321,23,15,38,11,10,21,199,181,380,66212,69859,136071,3221,2755,5976,69632,72795,142427
LGA23670,273,230,503,12,15,27,5,8,13,290,253,543,70892,73760,144652,2222,1882,4104,73404,75895,149299
LGA23810,482,506,988,19,27,46,11,9,20,512,542,1054,33091,34828,67919,1763,1659,3422,35366,37029,72395
LGA23940,37,58,95,3,3,6,0,0,0,40,61,101,3545,3390,6935,225,197,422,3810,3648,7458
LGA24130,83,89,172,15,6,21,0,3,3,98,98,196,19770,20393,40163,745,757,1502,20613,21248,41861
LGA24210,65,72,137,5,6,11,4,0,4,74,78,152,52245,55519,107764,1721,1663,3384,54040,57260,111300
LGA24250,27,27,54,3,0,3,0,0,0,30,27,57,3732,3785,7517,172,148,320,3934,3960,7894
LGA24330,153,142,295,7,10,17,6,5,11,166,157,323,33185,32809,65994,3042,2276,5318,36393,35242,71635
LGA24410,179,199,378,17,12,29,3,3,6,199,214,413,48651,51666,100317,1540,1570,3110,50390,53450,103840
LGA24600,151,85,236,7,4,11,3,10,13,161,99,260,41039,42060,83099,5576,4690,10266,46776,46849,93625
LGA24650,373,363,736,19,18,37,9,8,17,401,389,790,51281,52136,103417,2581,2469,5050,54263,54994,109257
LGA24780,791,947,1738,27,22,49,26,24,50,844,993,1837,22822,23773,46595,1310,1237,2547,24976,26003,50979
LGA24850,183,188,371,9,8,17,12,4,16,204,200,404,16249,16208,32457,895,880,1775,17348,17288,34636
LGA24900,183,170,353,10,16,26,3,13,16,196,199,395,13032,13275,26307,754,667,1421,13982,14141,28123
LGA24970,157,160,317,15,13,28,6,4,10,178,177,355,80029,82582,162611,3410,2906,6316,83617,85665,169282
LGA25060,139,138,277,13,20,33,5,3,8,157,161,318,49219,52639,101858,2686,2582,5268,52062,55382,107444
LGA25150,128,114,242,10,5,15,3,0,3,141,119,260,13265,13475,26740,620,505,1125,14026,14099,28125
LGA25250,317,312,629,30,20,50,12,11,23,359,343,702,67317,70908,138225,4453,3861,8314,72129,75112,147241
LGA25340,454,439,893,21,30,51,7,23,30,482,492,974,66200,70593,136793,3361,3480,6841,70043,74565,144608
LGA25430,94,67,161,4,7,11,3,0,3,101,74,175,8231,8412,16643,384,389,773,8716,8875,17591
LGA25490,93,86,179,0,4,4,7,0,7,100,90,190,7506,7645,15151,297,316,613,7903,8051,15954
LGA25620,40,44,84,7,3,10,0,3,3,47,50,97,6186,6059,12245,382,335,717,6615,6444,13059
LGA25710,88,93,181,0,9,9,0,3,3,88,105,193,28966,29533,58499,841,810,1651,29895,30448,60343
LGA25810,65,61,126,9,9,18,0,0,0,74,70,144,5550,5647,11197,286,219,505,5910,5936,11846
LGA25900,134,126,260,8,11,19,4,0,4,146,137,283,41101,42635,83736,4067,3285,7352,45314,46057,91371
LGA25990,27,29,56,0,5,5,3,0,3,30,34,64,3248,3069,6317,148,139,287,3426,3242,6668
LGA26080,7,8,15,0,0,0,0,0,0,7,8,15,1332,1485,2817,82,87,169,1421,1580,3001
LGA26170,84,88,172,14,14,28,3,3,6,101,105,206,12765,13218,25983,550,472,1022,13416,13795,27211
LGA26260,86,92,178,3,0,3,3,3,6,92,95,187,7646,7980,15626,282,265,547,8020,8340,16360
LGA26350,83,72,155,10,6,16,3,4,7,96,82,178,41505,45474,86979,3185,2803,5988,44786,48359,93145
LGA26430,42,38,80,6,3,9,0,0,0,48,41,89,4466,4478,8944,232,221,453,4746,4740,9486
LGA26490,52,77,129,6,3,9,3,3,6,61,83,144,12173,12405,24578,596,553,1149,12830,13041,25871
LGA26610,373,451,824,16,19,35,13,13,26,402,483,885,9348,9145,18493,552,519,1071,10302,10147,20449
LGA26670,41,39,80,0,4,4,0,0,0,41,43,84,2858,2801,5659,78,70,148,2977,2914,5891
LGA26700,103,119,222,13,20,33,4,0,4,120,139,259,12471,13305,25776,395,385,780,12986,13829,26815
LGA26730,239,219,458,8,14,22,12,3,15,259,236,495,14487,15620,30107,743,683,1426,15489,16539,32028
LGA26810,287,272,559,15,7,22,0,7,7,302,286,588,19519,19477,38996,963,893,1856,20784,20656,41440
LGA26890,14,12,26,3,0,3,0,0,0,17,12,29,2061,2030,4091,70,61,131,2148,2103,4251
LGA26980,132,152,284,13,3,16,8,6,14,153,161,314,69856,75757,145613,2812,2595,5407,72821,78513,151334
LGA27070,508,529,1037,26,39,65,14,8,22,548,576,1124,72594,74323,146917,3649,3189,6838,76791,78088,154879
LGA27170,318,350,668,13,19,32,6,0,6,337,369,706,16500,17106,33606,666,541,1207,17503,18016,35519
LGA27260,539,524,1063,31,30,61,9,11,20,579,565,1144,75988,76744,152732,4014,3685,7699,80581,80994,161575
LGA27350,144,148,292,11,7,18,5,3,8,160,158,318,33076,35255,68331,2917,2524,5441,36153,37937,74090
LGA27450,422,482,904,25,27,52,11,5,16,458,514,972,68272,70095,138367,2782,2419,5201,71512,73028,144540
LGA27630,28,28,56,3,5,8,5,4,9,36,37,73,3312,3333,6645,184,186,370,3532,3556,7088
LGA29399,6,0,6,0,0,0,0,0,0,6,0,6,434,275,709,48,38,86,488,313,801
LGA29499,168,107,275,5,0,5,0,3,3,173,110,283,4047,3199,7246,451,327,778,4671,3636,8307
LGA30250,573,590,1163,4,3,7,13,12,25,590,605,1195,48,50,98,3,0,3,641,655,1296
LGA30300,383,410,793,3,3,6,3,5,8,389,418,807,1875,1769,3644,172,97,269,2436,2284,4720
LGA30370,251,291,542,7,5,12,15,12,27,273,308,581,6843,6396,13239,362,272,634,7478,6976,14454
LGA30410,79,98,177,10,7,17,3,5,8,92,110,202,1445,1402,2847,85,80,165,1622,1592,3214
LGA30450,10,15,25,0,0,0,0,0,0,10,15,25,165,143,308,15,3,18,190,161,351
LGA30760,42,38,80,3,0,3,3,6,9,48,44,92,991,1025,2016,51,41,92,1090,1110,2200
LGA30900,94,90,184,5,0,5,0,3,3,99,93,192,154,110,264,11,13,24,264,216,480
LGA31000,6335,6263,12598,612,584,1196,405,431,836,7352,7278,14630,480939,499536,980475,25421,21316,46737,513712,528130,1041842
LGA31750,25,24,49,0,0,0,0,0,0,25,24,49,191,128,319,24,12,36,240,164,404
LGA31820,1285,1369,2654,83,71,154,90,83,173,1458,1523,2981,40441,42004,82445,2329,2057,4386,44228,45584,89812
LGA31900,308,363,671,55,43,98,55,68,123,418,474,892,7847,7784,15631,456,383,839,8721,8641,17362
LGA31950,73,67,140,0,0,0,3,0,3,76,67,143,179,107,286,61,24,85,316,198,514
LGA32070,3599,4134,7733,2029,2238,4267,1135,1255,2390,6763,7627,14390,64751,65774,130525,6040,5215,11255,77554,78616,156170
LGA32250,327,387,714,4,3,7,20,16,36,351,406,757,589,457,1046,134,118,252,1074,981,2055
LGA32260,835,944,1779,212,226,438,174,202,376,1221,1372,2593,12274,11379,23653,785,637,1422,14280,13388,27668
LGA32270,506,416,922,25,28,53,25,20,45,556,464,1020,13373,11949,25322,1464,909,2373,15393,13322,28715
LGA32310,454,431,885,6,16,22,25,30,55,485,477,962,5163,5285,10448,449,310,759,6097,6072,12169
LGA32330,564,608,1172,0,0,0,13,7,20,577,615,1192,9,10,19,8,6,14,594,631,1225
LGA32450,317,344,661,6,16,22,13,6,19,336,366,702,1224,934,2158,247,120,367,1807,1420,3227
LGA32500,349,393,742,14,14,28,36,25,61,399,432,831,1844,1159,3003,187,131,318,2430,1722,4152
LGA32600,33,41,74,3,0,3,0,0,0,36,41,77,122,97,219,12,5,17,170,143,313
LGA32750,39,28,67,0,0,0,3,0,3,42,28,70,107,96,203,5,4,9,154,128,282
LGA32770,613,566,1179,0,3,3,3,0,3,616,569,1185,46,49,95,5,3,8,667,621,1288
LGA33100,17,10,27,3,0,3,0,0,0,20,10,30,456,353,809,35,21,56,511,384,895
LGA33200,47,51,98,7,3,10,3,0,3,57,54,111,818,736,1554,81,45,126,956,835,1791
LGA33220,1530,1537,3067,100,83,183,94,73,167,1724,1693,3417,42770,44947,87717,2177,2000,4177,46671,48640,95311
LGA33360,864,864,1728,59,74,133,98,90,188,1021,1028,2049,26796,25032,51828,2277,1736,4013,30094,27796,57890
LGA33430,2721,2789,5510,224,200,424,124,138,262,3069,3127,6196,222576,235092,457668,15956,14681,30637,241601,252900,494501
LGA33610,225,264,489,3,11,14,6,8,14,234,283,517,4718,4651,9369,368,374,742,5320,5308,10628
LGA33620,602,562,1164,39,34,73,22,22,44,663,618,1281,20922,21336,42258,1140,1070,2210,22725,23024,45749
LGA33800,276,257,533,40,29,69,30,22,52,346,308,654,5292,5148,10440,257,217,474,5895,5673,11568
LGA33830,485,434,919,0,0,0,4,3,7,489,437,926,19,23,42,13,3,16,521,463,984
LGA33960,2862,2963,5825,171,136,307,140,144,284,3173,3243,6416,75786,76875,152661,4135,3692,7827,83094,83810,166904
LGA33980,250,242,492,38,20,58,29,25,54,317,287,604,10676,9112,19788,1555,639,2194,12548,10038,22586
LGA34420,443,472,915,0,0,0,9,13,22,452,485,937,47,42,89,0,3,3,499,530,1029
LGA34570,186,217,403,9,3,12,6,9,15,201,229,430,28,19,47,3,3,6,232,251,483
LGA34580,455,475,930,23,31,54,10,20,30,488,526,1014,15723,16086,31809,1150,982,2132,17361,17594,34955
LGA34590,3207,3449,6656,330,326,656,218,243,461,3755,4018,7773,126930,129444,256374,7292,6612,13904,137977,140074,278051
LGA34710,112,151,263,0,10,10,7,5,12,119,166,285,1817,1878,3695,108,100,208,2044,2144,4188
LGA34770,1458,1449,2907,623,680,1303,359,343,702,2440,2472,4912,51285,49776,101061,4511,2313,6824,58236,54561,112797
LGA34800,19,20,39,0,0,0,0,0,0,19,20,39,521,373,894,85,30,115,625,423,1048
LGA34830,73,82,155,6,3,9,37,35,72,116,120,236,21,5,26,0,3,3,137,128,265
LGA34860,485,448,933,6,0,6,5,14,19,496,462,958,5611,5407,11018,621,476,1097,6728,6345,13073
LGA35010,3688,3797,7485,287,260,547,221,231,452,4196,4288,8484,173043,180463,353506,8434,7622,16056,185673,192373,378046
LGA35250,470,516,986,4,0,4,10,5,15,484,521,1005,74,57,131,3,3,6,561,581,1142
LGA35300,1429,1555,2984,45,55,100,72,50,122,1546,1660,3206,8124,6988,15112,1655,1264,2919,11325,9912,21237
LGA35600,233,266,499,11,7,18,4,9,13,248,282,530,1882,1888,3770,176,142,318,2306,2312,4618
LGA35670,245,226,471,36,35,71,135,144,279,416,405,821,25,10,35,0,0,0,441,415,856
LGA35760,271,268,539,12,25,37,15,17,32,298,310,608,4509,4393,8902,327,305,632,5134,5008,10142
LGA35780,69,72,141,423,467,890,432,500,932,924,1039,1963,169,133,302,21,12,33,1114,1184,2298
LGA35790,959,878,1837,10,18,28,184,152,336,1153,1048,2201,59,56,115,12,9,21,1224,1113,2337
LGA35800,245,300,545,3,6,9,9,8,17,257,314,571,635,564,1199,56,31,87,948,909,1857
LGA36070,270,274,544,11,3,14,19,23,42,300,300,600,39,21,60,3,0,3,342,321,663
LGA36150,58,51,109,0,0,0,0,0,0,58,51,109,444,384,828,25,13,38,527,448,975
LGA36250,1113,1212,2325,77,85,162,66,66,132,1256,1363,2619,64206,67154,131360,2423,2263,4686,67885,70780,138665
LGA36300,16,29,45,3,0,3,0,0,0,19,29,48,378,335,713,40,27,67,437,391,828
LGA36360,2482,2679,5161,251,203,454,203,179,382,2936,3061,5997,47828,48340,96168,3987,3186,7173,54751,54587,109338
LGA36510,401,452,853,23,27,50,21,9,30,445,488,933,16774,17319,34093,771,659,1430,17990,18466,36456
LGA36580,284,272,556,15,20,35,10,12,22,309,304,613,10070,9975,20045,546,436,982,10925,10715,21640
LGA36630,624,633,1257,24,19,43,26,34,60,674,686,1360,14035,14314,28349,722,597,1319,15431,15597,31028
LGA36660,509,524,1033,21,29,50,21,25,46,551,578,1129,15356,16076,31432,684,639,1323,16591,17293,33884
LGA36710,2050,2094,4144,137,115,252,94,99,193,2281,2308,4589,139402,149842,289244,6959,6117,13076,148642,158267,306909
LGA36810,1912,1812,3724,256,140,396,208,190,398,2376,2142,4518,18369,18511,36880,1312,1018,2330,22057,21671,43728
LGA36910,2380,2551,4931,84,104,188,49,74,123,2513,2729,5242,67612,71753,139365,3427,3156,6583,73552,77638,151190
LGA36950,43,49,92,769,841,1610,177,184,361,989,1074,2063,459,407,866,174,154,328,1622,1635,3257
LGA36960,18,27,45,1678,1623,3301,261,250,511,1957,1900,3857,182,151,333,42,17,59,2181,2068,4249
LGA37010,3831,3969,7800,863,864,1727,581,595,1176,5275,5428,10703,75932,77124,153056,5898,4805,10703,87105,87357,174462
LGA37300,129,146,275,95,80,175,87,82,169,311,308,619,1259,1101,2360,206,147,353,1776,1556,3332
LGA37310,649,694,1343,25,17,42,14,18,32,688,729,1417,14332,13634,27966,1262,944,2206,16282,15307,31589
LGA37340,541,527,1068,68,57,125,71,69,140,680,653,1333,13895,12926,26821,1969,1304,3273,16544,14883,31427
LGA37400,58,46,104,4,7,11,9,7,16,71,60,131,608,548,1156,30,19,49,709,627,1336
LGA37550,394,439,833,0,0,0,21,23,44,415,462,877,25,26,51,9,8,17,449,496,945
LGA37570,118,131,249,0,0,0,3,0,3,121,131,252,12,5,17,0,0,0,133,136,269
LGA37600,1113,1141,2254,4,6,10,40,35,75,1157,1182,2339,25,20,45,19,5,24,1201,1207,2408
LGA39399,5,0,5,6,0,6,0,0,0,11,0,11,220,168,388,46,28,74,277,196,473
LGA39499,344,256,600,43,28,71,30,20,50,417,304,721,5945,4683,10628,789,406,1195,7151,5393,12544
LGA40070,132,77,209,3,7,10,3,0,3,138,84,222,9008,8682,17690,1003,726,1729,10149,9492,19641
LGA40120,103,85,188,8,4,12,0,4,4,111,93,204,18678,18708,37386,570,467,1037,19359,19268,38627
LGA40220,124,134,258,9,11,20,0,3,3,133,148,281,11012,11636,22648,400,371,771,11545,12155,23700
LGA40250,1013,1071,2084,0,0,0,8,12,20,1021,1083,2104,157,145,302,20,13,33,1198,1241,2439
LGA40310,65,51,116,8,16,24,4,0,4,77,67,144,10568,10817,21385,322,318,640,10967,11202,22169
LGA40430,23,20,43,0,0,0,0,0,0,23,20,43,1183,1131,2314,57,43,100,1263,1194,2457
LGA40520,204,223,427,4,6,10,8,6,14,216,235,451,4775,4857,9632,274,225,499,5265,5317,10582
LGA40700,63,58,121,3,9,12,0,0,0,66,67,133,19135,21483,40618,720,720,1440,19921,22270,42191
LGA40910,96,113,209,9,9,18,3,3,6,108,125,233,22355,24045,46400,754,776,1530,23217,24946,48163
LGA41010,395,464,859,3,3,6,0,0,0,398,467,865,1274,1202,2476,81,58,139,1753,1727,3480
LGA41060,600,650,1250,27,20,47,11,24,35,638,694,1332,48570,50938,99508,2177,1965,4142,51385,53597,104982
LGA41140,45,37,82,3,3,6,0,0,0,48,40,88,4146,4234,8380,147,135,282,4341,4409,8750
LGA41190,4,6,10,0,0,0,0,0,0,4,6,10,878,811,1689,20,14,34,902,831,1733
LGA41330,121,150,271,0,3,3,0,0,0,121,153,274,745,520,1265,86,69,155,952,742,1694
LGA41560,134,126,260,7,5,12,0,0,0,141,131,272,6012,6270,12282,202,192,394,6355,6593,12948
LGA41750,11,7,18,0,0,0,0,0,0,11,7,18,528,483,1011,15,4,19,554,494,1048
LGA41830,85,99,184,0,0,0,0,0,0,85,99,184,732,704,1436,44,37,81,861,840,1701
LGA41960,8,5,13,0,0,0,0,0,0,8,5,13,598,554,1152,51,56,107,657,615,1272
LGA42030,133,156,289,10,3,13,5,3,8,148,162,310,9317,10089,19406,406,415,821,9871,10666,20537
LGA42110,31,31,62,3,3,6,0,0,0,34,34,68,1988,1961,3949,71,75,146,2093,2070,4163
LGA42250,60,39,99,3,4,7,0,0,0,63,43,106,3960,3559,7519,122,107,229,4145,3709,7854
LGA42600,73,76,149,7,13,20,4,0,4,84,89,173,15567,17264,32831,799,801,1600,16450,18154,34604
LGA42750,23,28,51,0,0,0,0,0,0,23,28,51,2130,2040,4170,107,88,195,2260,2156,4416
LGA43080,7,4,11,0,0,0,0,0,0,7,4,11,508,473,981,22,18,40,537,495,1032
LGA43220,6,3,9,0,3,3,0,0,0,6,6,12,525,500,1025,26,25,51,557,531,1088
LGA43360,18,10,28,0,3,3,0,3,3,18,16,34,1088,1075,2163,60,24,84,1166,1115,2281
LGA43650,53,52,105,10,8,18,0,0,0,63,60,123,6705,6517,13222,242,196,438,7010,6773,13783
LGA43710,68,76,144,0,0,0,0,0,0,68,76,144,2464,2169,4633,75,64,139,2607,2309,4916
LGA43790,107,106,213,3,9,12,7,0,7,117,115,232,5344,5338,10682,198,175,373,5659,5628,11287
LGA43920,79,80,159,6,4,10,0,0,0,85,84,169,3972,3846,7818,194,163,357,4251,4093,8344
LGA44000,31,30,61,0,0,0,0,0,0,31,30,61,5,6,11,0,0,0,36,36,72
LGA44060,402,407,809,20,27,47,11,13,24,433,447,880,38173,41112,79285,1419,1407,2826,40025,42966,82991
LGA44210,87,63,150,4,0,4,0,0,0,91,63,154,3983,3544,7527,250,204,454,4324,3811,8135
LGA44340,134,147,281,9,17,26,5,3,8,148,167,315,29382,31428,60810,901,872,1773,30431,32467,62898
LGA44550,108,117,225,8,5,13,0,0,0,116,122,238,13912,14789,28701,435,393,828,14463,15304,29767
LGA44620,243,281,524,14,9,23,8,20,28,265,310,575,11550,12385,23935,390,347,737,12205,13042,25247
LGA44830,41,46,87,0,4,4,0,0,0,41,50,91,1345,1292,2637,66,80,146,1452,1422,2874
LGA45040,512,439,951,8,6,14,7,7,14,527,452,979,8907,8897,17804,515,445,960,9949,9794,19743
LGA45090,60,50,110,3,6,9,0,3,3,63,59,122,3959,3746,7705,141,147,288,4163,3952,8115
LGA45120,36,27,63,0,4,4,0,0,0,36,31,67,2181,2102,4283,88,65,153,2305,2198,4503
LGA45290,82,70,152,9,3,12,6,7,13,97,80,177,15828,17400,33228,796,688,1484,16721,18168,34889
LGA45340,926,1014,1940,50,56,106,30,29,59,1006,1099,2105,74613,77523,152136,2790,2545,5335,78409,81167,159576
LGA45400,10,3,13,0,4,4,0,4,4,10,11,21,426,400,826,16,11,27,452,422,874
LGA45540,31,39,70,7,3,10,0,4,4,38,46,84,784,773,1557,44,46,90,866,865,1731
LGA45680,1097,1137,2234,45,39,84,29,17,46,1171,1193,2364,36164,36831,72995,1946,1811,3757,39281,39835,79116
LGA45890,1266,1303,2569,48,53,101,31,19,50,1345,1375,2720,52044,52860,104904,2758,2434,5192,56147,56669,112816
LGA46090,1178,1137,2315,10,7,17,17,11,28,1205,1155,2360,5317,5191,10508,590,527,1117,7112,6873,13985
LGA46300,370,401,771,5,6,11,3,0,3,378,407,785,6204,6561,12765,291,247,538,6873,7215,14088
LGA46450,221,246,467,11,14,25,8,6,14,240,266,506,7944,8257,16201,335,291,626,8519,8814,17333
LGA46510,74,78,152,3,4,7,0,0,0,77,82,159,9427,9656,19083,394,319,713,9898,10057,19955
LGA46670,76,86,162,0,4,4,0,0,0,76,90,166,4254,4288,8542,273,263,536,4603,4641,9244
LGA46860,10,4,14,3,0,3,0,0,0,13,4,17,665,637,1302,48,32,80,726,673,1399
LGA46970,43,26,69,4,0,4,0,0,0,47,26,73,2342,1796,4138,377,115,492,2766,1937,4703
LGA47140,1124,1185,2309,46,39,85,18,27,45,1188,1251,2439,59959,60792,120751,3105,2813,5918,64252,64856,129108
LGA47290,17,17,34,0,0,0,0,0,0,17,17,34,1019,987,2006,38,21,59,1074,1025,2099
LGA47490,18,11,29,0,0,0,0,3,3,18,14,32,1009,940,1949,76,47,123,1103,1001,2104
LGA47630,24,23,47,3,0,3,0,0,0,27,23,50,3260,3077,6337,85,84,169,3372,3184,6556
LGA47700,355,387,742,15,26,41,10,10,20,380,423,803,45086,46897,91983,1371,1309,2680,46837,48629,95466
LGA47800,156,172,328,0,3,3,3,0,3,159,175,334,2474,2348,4822,211,157,368,2844,2680,5524
LGA47910,8,11,19,0,0,0,0,0,0,8,11,19,1258,1256,2514,24,28,52,1290,1295,2585
LGA47980,54,80,134,5,5,10,0,0,0,59,85,144,16520,18740,35260,755,682,1437,17334,19507,36841
LGA48050,70,73,143,5,5,10,0,0,0,75,78,153,6079,6784,12863,414,410,824,6568,7272,13840
LGA48130,49,43,92,3,0,3,0,5,5,52,48,100,3170,3093,6263,183,118,301,3405,3259,6664
LGA48260,13,12,25,0,0,0,0,0,0,13,12,25,3201,3430,6631,189,155,344,3403,3597,7000
LGA48340,89,86,175,0,8,8,6,0,6,95,94,189,5586,5508,11094,178,162,340,5859,5764,11623
LGA48410,224,216,440,8,17,25,10,10,20,242,243,485,25495,26839,52334,1116,1026,2142,26853,28108,54961
LGA48540,411,464,875,10,12,22,12,11,23,433,487,920,10097,9888,19985,644,539,1183,11174,10914,22088
LGA48640,11,8,19,0,0,0,0,0,0,11,8,19,611,595,1206,17,11,28,639,614,1253
LGA48750,19,11,30,0,4,4,0,0,0,19,15,34,2077,2140,4217,73,69,142,2169,2224,4393
LGA48830,146,173,319,6,9,15,0,4,4,152,186,338,5293,5032,10325,185,176,361,5630,5394,11024
LGA49399,410,399,809,0,3,3,6,5,11,416,407,823,1964,1179,3143,278,194,472,2658,1780,4438
LGA49499,82,73,155,0,0,0,6,4,10,88,77,165,1547,1118,2665,143,93,236,1778,1288,3066
LGA50080,574,488,1062,10,3,13,4,5,9,588,496,1084,15295,16001,31296,695,576,1271,16578,17073,33651
LGA50210,844,836,1680,17,18,35,13,15,28,874,869,1743,28306,28786,57092,1864,1596,3460,31044,31251,62295
LGA50250,470,396,866,19,17,36,14,17,31,503,430,933,4918,2734,7652,1100,315,1415,6521,3479,10000
LGA50280,66,48,114,0,0,0,0,0,0,66,48,114,5371,5448,10819,463,366,829,5900,5862,11762
LGA50350,194,180,374,7,3,10,3,0,3,204,183,387,6608,6718,13326,363,328,691,7175,7229,14404
LGA50420,334,418,752,18,12,30,20,24,44,372,454,826,28498,28727,57225,1846,1364,3210,30716,30545,61261
LGA50490,448,553,1001,10,15,25,11,15,26,469,583,1052,15998,15596,31594,1420,1142,2562,17887,17321,35208
LGA50560,40,39,79,0,3,3,0,0,0,40,42,82,738,685,1423,31,30,61,809,757,1566
LGA50630,28,36,64,0,4,4,3,0,3,31,40,71,1054,729,1783,304,69,373,1389,838,2227
LGA50770,9,11,20,0,0,0,0,0,0,9,11,20,761,768,1529,18,21,39,788,800,1588
LGA50840,29,34,63,0,0,0,0,0,0,29,34,63,2030,2115,4145,60,53,113,2119,2202,4321
LGA50910,47,46,93,0,0,0,0,0,0,47,46,93,393,390,783,33,26,59,473,462,935
LGA50980,2048,2087,4135,31,22,53,80,97,177,2159,2206,4365,4795,4514,9309,710,614,1324,7664,7334,14998
LGA51080,81,76,157,0,0,0,4,0,4,85,76,161,464,476,940,24,15,39,573,567,1140
LGA51120,19,24,43,0,0,0,0,0,0,19,24,43,453,431,884,17,29,46,489,484,973
LGA51190,454,480,934,14,14,28,3,7,10,471,501,972,14105,14347,28452,1020,905,1925,15596,15753,31349
LGA51260,232,252,484,4,0,4,3,4,7,239,256,495,13805,14632,28437,724,674,1398,14768,15562,30330
LGA51310,15,23,38,0,0,0,0,3,3,15,26,41,11672,12248,23920,492,514,1006,12179,12788,24967
LGA51330,436,426,862,8,5,13,9,6,15,453,437,890,40236,40562,80798,2165,1660,3825,42854,42659,85513
LGA51400,147,174,321,6,4,10,0,0,0,153,178,331,6685,6830,13515,423,368,791,7261,7376,14637
LGA51470,11,8,19,0,0,0,0,0,0,11,8,19,249,236,485,25,17,42,285,261,546
LGA51540,506,580,1086,7,3,10,7,6,13,520,589,1109,2149,1931,4080,294,304,598,2963,2824,5787
LGA51610,18,35,53,0,0,0,0,0,0,18,35,53,551,503,1054,41,26,67,610,564,1174
LGA51680,22,31,53,0,4,4,4,0,4,26,35,61,2093,2049,4142,132,93,225,2251,2177,4428
LGA51750,27,0,27,3,0,3,3,0,3,33,0,33,4135,4563,8698,318,231,549,4486,4794,9280
LGA51820,735,802,1537,20,13,33,13,17,30,768,832,1600,41851,42426,84277,2062,1743,3805,44681,45001,89682
LGA51890,140,126,266,4,6,10,5,4,9,149,136,285,4422,3929,8351,335,156,491,4906,4221,9127
LGA51960,180,193,373,0,0,0,6,9,15,186,202,388,1729,1418,3147,264,199,463,2179,1819,3998
LGA52030,13,16,29,0,0,0,0,0,0,13,16,29,521,463,984,35,18,53,569,497,1066
LGA52100,9,19,28,0,0,0,0,3,3,9,22,31,511,485,996,19,17,36,539,524,1063
LGA52170,5,3,8,0,0,0,0,0,0,5,3,8,3389,3559,6948,332,317,649,3726,3879,7605
LGA52240,7,13,20,0,0,0,0,0,0,7,13,20,530,465,995,39,24,63,576,502,1078
LGA52310,11,7,18,0,0,0,0,0,0,11,7,18,408,415,823,15,14,29,434,436,870
LGA52380,35,31,66,4,0,4,0,0,0,39,31,70,91,73,164,24,12,36,154,116,270
LGA52450,9,23,32,0,0,0,0,0,0,9,23,32,658,568,1226,28,24,52,695,615,1310
LGA52520,30,24,54,0,0,0,0,0,0,30,24,54,622,548,1170,27,15,42,679,587,1266
LGA52590,45,36,81,0,0,0,0,0,0,45,36,81,1497,1293,2790,180,134,314,1722,1463,3185
LGA52660,103,124,227,0,4,4,6,4,10,109,132,241,5773,5861,11634,306,223,529,6188,6216,12404
LGA52730,29,21,50,0,0,0,3,3,6,32,24,56,2396,2497,4893,127,119,246,2555,2640,5195
LGA52800,1887,2069,3956,7,4,11,39,50,89,1933,2123,4056,2643,1003,3646,394,338,732,4970,3464,8434
LGA52870,35,58,93,3,3,6,3,3,6,41,64,105,2507,2492,4999,130,86,216,2678,2642,5320
LGA52940,7,3,10,0,0,0,0,0,0,7,3,10,327,322,649,14,5,19,348,330,678
LGA53010,6,5,11,0,0,0,0,0,0,6,5,11,307,266,573,9,10,19,322,281,603
LGA53080,74,64,138,0,0,0,0,0,0,74,64,138,468,390,858,108,38,146,650,492,1142
LGA53150,19,17,36,0,0,0,0,0,0,19,17,36,3152,3401,6553,181,160,341,3352,3578,6930
LGA53220,1023,931,1954,25,15,40,18,16,34,1066,962,2028,5308,2424,7732,1666,524,2190,8040,3910,11950
LGA53290,248,317,565,4,3,7,0,3,3,252,323,575,6037,6067,12104,448,350,798,6737,6740,13477
LGA53360,27,15,42,0,3,3,0,0,0,27,18,45,1156,1016,2172,102,74,176,1285,1108,2393
LGA53430,195,220,415,3,0,3,6,6,12,204,226,430,11992,12684,24676,807,670,1477,13003,13580,26583
LGA53520,1623,1690,3313,15,21,36,23,19,42,1661,1730,3391,15477,15806,31283,947,824,1771,18085,18360,36445
LGA53570,33,41,74,0,0,0,3,5,8,36,46,82,2172,2069,4241,224,139,363,2432,2254,4686
LGA53640,67,57,124,0,0,0,0,3,3,67,60,127,566,520,1086,34,23,57,667,603,1270
LGA53710,29,41,70,3,0,3,0,0,0,32,41,73,438,423,861,24,29,53,494,493,987
LGA53780,1300,1214,2514,27,23,50,27,21,48,1354,1258,2612,49151,48786,97937,3249,2787,6036,53754,52831,106585
LGA53920,1363,1397,2760,0,6,6,10,8,18,1373,1411,2784,404,302,706,45,25,70,1822,1738,3560
LGA53990,221,223,444,6,3,9,6,3,9,233,229,462,10755,10721,21476,670,629,1299,11658,11579,23237
LGA54060,35,44,79,0,0,0,0,0,0,35,44,79,1667,1634,3301,120,67,187,1822,1745,3567
LGA54130,10,5,15,0,0,0,0,0,0,10,5,15,535,456,991,23,25,48,568,486,1054
LGA54170,388,414,802,16,28,44,20,11,31,424,453,877,72073,74208,146281,2868,2380,5248,75365,77041,152406
LGA54200,415,463,878,9,6,15,9,8,17,433,477,910,24658,25342,50000,1444,1213,2657,26535,27032,53567
LGA54280,992,1058,2050,30,23,53,14,27,41,1036,1108,2144,13261,12194,25455,1991,1516,3507,16288,14818,31106
LGA54340,175,197,372,3,3,6,0,3,3,178,203,381,1809,1822,3631,95,75,170,2082,2100,4182
LGA54410,58,57,115,0,0,0,0,0,0,58,57,115,504,505,1009,36,21,57,598,583,1181
LGA54480,0,0,0,0,0,0,0,0,0,0,0,0,269,232,501,7,4,11,276,236,512
LGA54550,39,59,98,0,0,0,0,0,0,39,59,98,909,918,1827,33,24,57,981,1001,1982
LGA54620,40,45,85,0,0,0,0,0,0,40,45,85,497,388,885,64,11,75,601,444,1045
LGA54690,3,9,12,0,0,0,0,0,0,3,9,12,227,186,413,6,6,12,236,201,437
LGA54760,12,11,23,0,0,0,0,3,3,12,14,26,405,377,782,15,5,20,432,396,828
LGA54830,684,418,1102,15,12,27,8,4,12,707,434,1141,13010,12940,25950,1155,982,2137,14872,14356,29228
LGA54900,11,4,15,3,0,3,4,4,8,18,8,26,676,613,1289,29,17,46,723,638,1361
LGA54970,170,169,339,5,0,5,3,5,8,178,174,352,574,175,749,94,31,125,846,380,1226
LGA55040,100,128,228,0,3,3,3,0,3,103,131,234,1187,574,1761,385,134,519,1675,839,2514
LGA55110,626,626,1252,20,22,42,6,7,13,652,655,1307,31194,33338,64532,2245,1819,4064,34091,35812,69903
LGA55180,98,128,226,11,10,21,0,0,0,109,138,247,4311,4229,8540,221,174,395,4641,4541,9182
LGA55250,205,246,451,0,0,0,0,0,0,205,246,451,470,233,703,146,76,222,821,555,1376
LGA55320,255,281,536,11,8,19,3,4,7,269,293,562,43808,47641,91449,1983,1706,3689,46060,49640,95700
LGA55390,128,128,256,0,0,0,0,0,0,128,128,256,65,43,108,14,6,20,207,177,384
LGA55460,84,100,184,0,3,3,0,0,0,84,103,187,1575,1376,2951,80,66,146,1739,1545,3284
LGA55530,15,13,28,0,0,0,0,0,0,15,13,28,233,198,431,12,9,21,260,220,480
LGA55600,129,168,297,0,5,5,3,0,3,132,173,305,1052,1015,2067,62,43,105,1246,1231,2477
LGA55670,47,40,87,0,0,0,0,0,0,47,40,87,395,364,759,30,17,47,472,421,893
LGA55740,47,67,114,5,0,5,0,7,7,52,74,126,3641,4332,7973,250,248,498,3943,4654,8597
LGA55810,106,127,233,0,0,0,0,0,0,106,127,233,216,134,350,45,16,61,367,277,644
LGA55880,0,0,0,0,0,0,0,0,0,0,0,0,256,218,474,10,0,10,266,218,484
LGA55950,6,15,21,0,0,0,0,0,0,6,15,21,243,216,459,7,4,11,256,235,491
LGA56020,95,64,159,0,0,0,0,0,0,95,64,159,301,208,509,32,14,46,428,286,714
LGA56090,691,267,958,4,5,9,14,5,19,709,277,986,17138,16654,33792,919,832,1751,18766,17763,36529
LGA56160,15,21,36,0,0,0,0,0,0,15,21,36,40,30,70,6,4,10,61,55,116
LGA56230,131,140,271,5,5,10,7,3,10,143,148,291,6594,6448,13042,437,379,816,7174,6975,14149
LGA56300,6,9,15,0,0,0,0,0,0,6,9,15,642,552,1194,27,26,53,675,587,1262
LGA56370,9,10,19,0,0,0,0,0,0,9,10,19,389,373,762,16,14,30,414,397,811
LGA56450,5,8,13,0,0,0,0,0,0,5,8,13,459,380,839,13,9,22,477,397,874
LGA56520,194,194,388,0,3,3,3,0,3,197,197,394,1750,1908,3658,88,80,168,2035,2185,4220
LGA56580,25,22,47,0,0,0,0,4,4,25,26,51,9553,10128,19681,418,386,804,9996,10540,20536
LGA56620,571,640,1211,0,0,0,0,0,0,571,640,1211,116,91,207,16,5,21,703,736,1439
LGA56730,273,302,575,6,3,9,0,3,3,279,308,587,4498,4650,9148,424,397,821,5201,5355,10556
LGA56790,81,94,175,0,5,5,3,0,3,84,99,183,1469,1394,2863,84,62,146,1637,1555,3192
LGA56860,13,9,22,0,0,0,0,0,0,13,9,22,99,86,185,17,6,23,129,101,230
LGA56930,0,7,7,0,0,0,0,0,0,0,7,7,629,768,1397,58,64,122,687,839,1526
LGA57000,32,20,52,0,0,0,0,0,0,32,20,52,518,265,783,58,11,69,608,296,904
LGA57080,47,44,91,0,0,0,3,4,7,50,48,98,7613,6309,13922,1606,1086,2692,9269,7443,16712
LGA57140,68,63,131,0,0,0,0,0,0,68,63,131,502,482,984,22,25,47,592,570,1162
LGA57210,75,74,149,0,3,3,0,0,0,75,77,152,2295,2195,4490,126,113,239,2496,2385,4881
LGA57280,995,1048,2043,61,39,100,42,39,81,1098,1126,2224,5694,4178,9872,1783,1166,2949,8575,6470,15045
LGA57350,66,87,153,0,0,0,0,0,0,66,87,153,423,443,866,16,8,24,505,538,1043
LGA57420,9,14,23,5,0,5,0,0,0,14,14,28,1077,877,1954,84,60,144,1175,951,2126
LGA57490,816,858,1674,22,17,39,8,16,24,846,891,1737,47794,48913,96707,3213,2449,5662,51853,52253,104106
LGA57560,1050,856,1906,43,26,69,21,29,50,1114,911,2025,9632,6745,16377,3005,1494,4499,13751,9150,22901
LGA57630,3,3,6,0,0,0,0,0,0,3,3,6,39,43,82,12,5,17,54,51,105
LGA57700,128,112,240,5,10,15,0,0,0,133,122,255,8492,8291,16783,393,316,709,9018,8729,17747
LGA57770,43,27,70,0,0,0,0,3,3,43,30,73,391,348,739,24,21,45,458,399,857
LGA57840,221,204,425,3,3,6,7,3,10,231,210,441,18385,19498,37883,1289,1128,2417,19905,20836,40741
LGA57910,1019,1214,2233,32,36,68,24,21,45,1075,1271,2346,88687,92915,181602,6410,5343,11753,96172,99529,195701
LGA57980,36,41,77,3,3,6,0,0,0,39,44,83,7904,8504,16408,555,530,1085,8498,9078,17576
LGA58050,1440,1697,3137,31,33,64,26,23,49,1497,1753,3250,49537,50076,99613,2985,2613,5598,54019,54442,108461
LGA58190,24,25,49,0,0,0,0,0,0,24,25,49,194,146,340,11,3,14,229,174,403
LGA58260,13,25,38,0,0,0,0,0,0,13,25,38,283,255,538,15,25,40,311,305,616
LGA58330,46,62,108,0,0,0,0,0,0,46,62,108,1952,2005,3957,182,139,321,2180,2206,4386
LGA58400,15,7,22,3,3,6,0,0,0,18,10,28,160,143,303,13,6,19,191,159,350
LGA58470,69,72,141,0,0,0,0,0,0,69,72,141,52,39,91,16,3,19,137,114,251
LGA58510,219,267,486,5,4,9,5,4,9,229,275,504,14741,14877,29618,1337,975,2312,16307,16127,32434
LGA58540,11,10,21,0,0,0,3,0,3,14,10,24,461,369,830,26,16,42,501,395,896
LGA58570,88,83,171,4,0,4,0,3,3,92,86,178,14595,14326,28921,1379,1071,2450,16066,15483,31549
LGA58610,29,29,58,0,3,3,0,0,0,29,32,61,889,858,1747,23,18,41,941,908,1849
LGA58680,0,3,3,0,0,0,0,0,0,0,3,3,216,203,419,10,8,18,226,214,440
LGA58760,1030,1167,2197,36,35,71,25,16,41,1091,1218,2309,70111,72085,142196,4018,3554,7572,75220,76857,152077
LGA58820,52,52,104,0,0,0,0,0,0,52,52,104,1638,1690,3328,85,67,152,1775,1809,3584
LGA58890,3,5,8,0,0,0,0,0,0,3,5,8,435,402,837,11,13,24,449,420,869
LGA59030,0,3,3,0,0,0,0,0,0,0,3,3,154,108,262,11,3,14,165,114,279
LGA59100,9,13,22,0,0,0,0,0,0,9,13,22,362,332,694,17,15,32,388,360,748
LGA59170,3,3,6,0,0,0,0,0,0,3,3,6,458,411,869,16,23,39,477,437,914
LGA59250,142,140,282,5,0,5,3,0,3,150,140,290,566,164,730,100,38,138,816,342,1158
LGA59310,48,59,107,0,0,0,0,0,0,48,59,107,659,607,1266,30,30,60,737,696,1433
LGA59320,3,3,6,0,0,0,0,0,0,3,3,6,211,193,404,5,3,8,219,199,418
LGA59330,9,7,16,0,0,0,0,0,0,9,7,16,238,227,465,19,21,40,266,255,521
LGA59340,1242,1417,2659,14,9,23,17,16,33,1273,1442,2715,2363,2036,4399,413,271,684,4049,3749,7798
LGA59350,50,43,93,0,0,0,0,0,0,50,43,93,185,63,248,44,20,64,279,126,405
LGA59360,14,7,21,0,0,0,0,0,0,14,7,21,867,560,1427,124,63,187,1005,630,1635
LGA59370,68,51,119,0,0,0,0,0,0,68,51,119,1522,1567,3089,106,80,186,1696,1698,3394
LGA59399,4,0,4,3,0,3,0,0,0,7,0,7,313,28,341,63,4,67,383,32,415
LGA59499,241,183,424,10,3,13,11,5,16,262,191,453,3515,2586,6101,509,234,743,4286,3011,7297
LGA60210,102,108,210,3,10,13,0,6,6,105,124,229,2899,2783,5682,152,130,282,3156,3037,6193
LGA60410,474,517,991,49,59,108,31,36,67,554,612,1166,6522,6885,13407,406,480,886,7482,7977,15459
LGA60610,493,509,1002,30,28,58,15,27,42,538,564,1102,8381,9099,17480,367,380,747,9286,10043,19329
LGA60810,552,586,1138,37,39,76,16,35,51,605,660,1265,9343,9858,19201,458,431,889,10406,10949,21355
LGA61010,43,54,97,0,5,5,7,5,12,50,64,114,1072,960,2032,71,46,117,1193,1070,2263
LGA61210,432,445,877,10,11,21,20,16,36,462,472,934,3360,3320,6680,215,146,361,4037,3938,7975
LGA61410,673,665,1338,46,52,98,38,25,63,757,742,1499,23540,24891,48431,1013,907,1920,25310,26540,51850
LGA61510,151,181,332,27,20,47,10,6,16,188,207,395,4584,4402,8986,161,161,322,4933,4770,9703
LGA61610,567,628,1195,23,26,49,29,20,49,619,674,1293,10631,11694,22325,501,496,997,11751,12864,24615
LGA61810,85,101,186,12,10,22,4,8,12,101,119,220,3152,3185,6337,148,122,270,3401,3426,6827
LGA62010,69,55,124,0,0,0,0,4,4,69,59,128,317,286,603,24,19,43,410,364,774
LGA62210,126,145,271,3,5,8,3,5,8,132,155,287,3021,3053,6074,144,133,277,3297,3341,6638
LGA62410,78,68,146,6,3,9,10,3,13,94,74,168,1951,1901,3852,74,94,168,2119,2069,4188
LGA62610,785,877,1662,70,75,145,35,47,82,890,999,1889,19690,21327,41017,885,865,1750,21465,23191,44656
LGA62810,282,284,566,10,15,25,3,7,10,295,306,601,22204,23586,45790,1280,1034,2314,23779,24926,48705
LGA63010,589,607,1196,34,43,77,17,17,34,640,667,1307,6715,6622,13337,278,219,497,7633,7508,15141
LGA63210,104,109,213,7,10,17,4,4,8,115,123,238,2912,2743,5655,101,92,193,3128,2958,6086
LGA63410,17,10,27,0,0,0,0,0,0,17,10,27,767,713,1480,30,28,58,814,751,1565
LGA63610,487,483,970,25,28,53,11,9,20,523,520,1043,15397,16421,31818,520,511,1031,16440,17452,33892
LGA63810,212,162,374,25,17,42,6,5,11,243,184,427,4456,4617,9073,181,152,333,4880,4953,9833
LGA64010,877,945,1822,40,40,80,24,31,55,941,1016,1957,28852,30792,59644,1298,1294,2592,31091,33102,64193
LGA64210,197,211,408,14,20,34,10,7,17,221,238,459,8648,9237,17885,266,280,546,9135,9755,18890
LGA64610,141,145,286,12,7,19,5,6,11,158,158,316,5775,5800,11575,185,152,337,6118,6110,12228
LGA64810,214,224,438,21,19,40,25,19,44,260,262,522,5990,6128,12118,281,275,556,6531,6665,13196
LGA65010,132,114,246,6,6,12,4,0,4,142,120,262,2804,2715,5519,152,116,268,3098,2951,6049
LGA65210,60,42,102,7,6,13,3,3,6,70,51,121,1090,1042,2132,57,47,104,1217,1140,2357
LGA65410,385,409,794,24,22,46,5,7,12,414,438,852,6079,6310,12389,264,203,467,6757,6951,13708
LGA65610,142,122,264,16,14,30,5,9,14,163,145,308,2144,1967,4111,141,118,259,2448,2230,4678
LGA65810,188,199,387,13,11,24,0,5,5,201,215,416,10071,10610,20681,392,328,720,10664,11153,21817
LGA69399,4,3,7,0,0,0,0,0,0,4,3,7,74,28,102,3,3,6,81,34,115
LGA69499,57,16,73,0,0,0,3,0,3,60,16,76,514,415,929,39,29,68,613,460,1073
LGA70200,2156,2441,4597,19,21,40,26,26,52,2201,2488,4689,9178,9232,18410,1176,911,2087,12555,12631,25186
LGA70420,2272,2406,4678,10,4,14,13,12,25,2295,2422,4717,926,804,1730,185,192,377,3406,3418,6824
LGA70540,86,86,172,0,0,0,0,0,0,86,86,172,5,5,10,0,0,0,91,91,182
LGA70620,1418,1549,2967,0,0,0,4,4,8,1422,1553,2975,401,235,636,64,45,109,1887,1833,3720
LGA70700,98,120,218,0,0,0,7,9,16,105,129,234,385,320,705,103,64,167,593,513,1106
LGA71000,2558,2779,5337,140,128,268,267,285,552,2965,3192,6157,30676,28756,59432,4186,3155,7341,37827,35103,72930
LGA71300,3987,4111,8098,9,12,21,91,88,179,4087,4211,8298,399,338,737,35,28,63,4521,4577,9098
LGA72200,1055,1149,2204,22,22,44,41,55,96,1118,1226,2344,3088,2912,6000,456,387,843,4662,4525,9187
LGA72300,604,589,1193,45,32,77,36,50,86,685,671,1356,8256,6978,15234,1380,1023,2403,10321,8672,18993
LGA72330,2537,2342,4879,4,3,7,21,20,41,2562,2365,4927,394,337,731,107,67,174,3063,2769,5832
LGA72800,1275,1484,2759,66,62,128,99,98,197,1440,1644,3084,11228,10977,22205,1254,1159,2413,13922,13780,27702
LGA73600,2397,2500,4897,7,4,11,43,56,99,2447,2560,5007,560,452,1012,58,43,101,3065,3055,6120
LGA74050,1095,1133,2228,9,3,12,13,12,25,1117,1148,2265,188,108,296,13,5,18,1318,1261,2579
LGA74500,2269,2352,4621,0,0,0,39,31,70,2308,2383,4691,651,506,1157,43,32,75,3002,2921,5923
LGA74560,5,7,12,3,0,3,0,0,0,8,7,15,170,159,329,17,9,26,195,175,370
LGA74660,2353,2296,4649,10,3,13,18,15,33,2381,2314,4695,748,565,1313,134,90,224,3263,2969,6232
LGA79399,679,256,935,25,10,35,27,24,51,731,290,1021,3620,2705,6325,455,288,743,4806,3283,8089
LGA79499,77,52,129,0,0,0,3,0,3,80,52,132,798,711,1509,141,88,229,1019,851,1870
LGA89399,2463,2368,4831,98,89,187,76,59,135,2637,2516,5153,166101,171359,337460,7676,6295,13971,176414,180170,356584
LGA89499,15,12,27,0,0,0,3,0,3,18,12,30,287,284,571,25,8,33,330,304,634
LGA99399,115,123,238,4,3,7,0,3,3,119,129,248,1769,854,2623,72,62,134,1960,1045,3005
LGA99499,0,0,0,0,0,0,0,0,0,0,0,0,6,18,24,0,0,0,6,18,24
