region_id,T_EI_ns_IndSt_nsP,T_EI_ns_TotM,T_EI_ns_TotF,T_EI_ns_TotP,Tot_Indig_M,Tot_Indig_F,Tot_Indig_P,Tot_NonInd_M,Tot_NonInd_F,Tot_NonInd_P,Tot_IndigStat_nsM,Tot_IndigStat_nsF,Tot_IndigStat_nsP,Tot_TotM,Tot_TotF,Tot_TotP
LGA10050,1556,1553,1556,3109,246,240,486,5785,6775,12560,908,776,1684,6939,7791,14730
LGA10110,1077,818,941,1759,307,379,686,3698,4072,7770,547,607,1154,4552,5058,9610
LGA10150,2038,1565,1490,3055,47,44,91,5155,5400,10555,1137,1013,2150,6339,6457,12796
LGA10200,3795,4867,3164,8031,188,103,291,11963,10460,22423,2358,1804,4162,14509,12367,26876
LGA10250,1046,1109,1157,2266,231,288,519,4373,4818,9191,595,545,1140,5199,5651,10850
LGA10300,134,138,105,243,21,32,53,249,245,494,90,50,140,360,327,687
LGA10350,7427,7644,7205,14849,281,282,563,25591,25815,51406,4284,3918,8202,30156,30015,60171
LGA10470,1426,1947,1313,3260,501,368,869,5670,5457,11127,801,728,1529,6972,6553,13525
LGA10550,980,963,1064,2027,219,231,450,3279,3653,6932,528,530,1058,4026,4414,8440
LGA10600,237,326,304,630,88,84,172,1492,1681,3173,156,117,273,1736,1882,3618
LGA10650,255,311,330,641,38,41,79,872,949,1821,137,135,272,1047,1125,2172
LGA10750,8549,10425,9448,19873,1964,1724,3688,42717,42938,85655,5109,4615,9724,49790,49277,99067
LGA10800,99,150,141,291,51,58,109,640,756,1396,62,44,106,753,858,1611
LGA10850,242,246,236,482,47,49,96,811,931,1742,134,121,255,992,1101,2093
LGA10900,2994,2307,2292,4599,307,273,580,9558,10266,19824,1654,1527,3181,11519,12066,23585
LGA10950,151,137,134,271,80,87,167,298,273,571,83,75,158,461,435,896
LGA11000,44,61,61,122,12,12,24,251,288,539,28,19,47,291,319,610
LGA11050,54,62,72,134,14,12,26,268,277,545,31,33,64,313,322,635
LGA11100,1805,1539,1505,3044,126,119,245,4934,4864,9798,983,934,1917,6043,5917,11960
LGA11150,311,254,233,487,158,179,337,163,177,340,183,142,325,504,498,1002
LGA11200,72,64,60,124,143,178,321,46,57,103,41,37,78,230,272,502
LGA11250,861,900,931,1831,332,317,649,1866,2013,3879,445,461,906,2643,2791,5434
LGA11300,1307,1212,1077,2289,18,20,38,4681,4951,9632,797,625,1422,5496,5596,11092
LGA11350,1348,1122,1024,2146,113,118,231,3409,3840,7249,797,632,1429,4319,4590,8909
LGA11400,243,281,316,597,89,116,205,1523,1625,3148,117,157,274,1729,1898,3627
LGA11450,1511,1474,1396,2870,261,245,506,7767,8216,15983,877,774,1651,8905,9235,18140
LGA11500,5379,5351,5594,10945,1004,1105,2109,19119,20010,39129,2932,2926,5858,23055,24041,47096
LGA11520,3782,2819,2616,5435,50,68,118,8826,9435,18261,2166,1771,3937,11042,11274,22316
LGA11550,6504,6332,5873,12205,136,160,296,19003,18289,37292,3741,3256,6997,22880,21705,44585
LGA11600,60,66,64,130,30,42,72,252,268,520,46,33,79,328,343,671
LGA11700,64,127,58,185,150,135,285,101,118,219,47,20,67,298,273,571
LGA11720,1683,2195,1743,3938,601,542,1143,6038,5931,11969,959,882,1841,7598,7355,14953
LGA11730,1364,1746,1565,3311,656,631,1287,5265,5568,10833,766,746,1512,6687,6945,13632
LGA11750,278,238,209,447,123,110,233,431,456,887,166,125,291,720,691,1411
LGA11800,2120,2197,2290,4487,573,725,1298,7976,8819,16795,1199,1122,2321,9748,10666,20414
LGA11860,34,44,26,70,9,10,19,182,209,391,22,15,37,213,234,447
LGA12000,155,145,148,293,17,34,51,493,551,1044,86,77,163,596,662,1258
LGA12050,296,428,275,703,72,60,132,1224,1202,2426,168,160,328,1464,1422,2886
LGA12150,183,198,175,373,198,229,427,253,300,553,108,91,199,559,620,1179
LGA12200,274,299,300,599,57,65,122,759,884,1643,166,123,289,982,1072,2054
LGA12300,283,335,338,673,29,32,61,1172,1330,2502,164,135,299,1365,1497,2862
LGA12350,533,562,502,1064,197,172,369,1307,1402,2709,292,266,558,1796,1840,3636
LGA12500,271,292,298,590,64,42,106,742,892,1634,153,137,290,959,1071,2030
LGA12600,1242,1314,1291,2605,989,1066,2055,3987,4404,8391,736,638,1374,5712,6108,11820
LGA12700,251,262,260,522,49,71,120,939,1000,1939,144,121,265,1132,1192,2324
LGA12750,1431,1347,1305,2652,385,401,786,3321,3614,6935,805,731,1536,4511,4746,9257
LGA12850,5524,7128,7042,14170,295,262,557,26473,27306,53779,3312,3160,6472,30080,30728,60808
LGA12900,210,293,307,600,187,195,382,989,1018,2007,122,115,237,1298,1328,2626
LGA12950,174,162,177,339,111,106,217,380,468,848,90,101,191,581,675,1256
LGA13010,256,404,282,686,125,108,233,960,995,1955,158,123,281,1243,1226,2469
LGA13050,94,142,125,267,44,46,90,465,481,946,62,46,108,571,573,1144
LGA13100,5949,5415,5727,11142,780,769,1549,19274,21141,40415,3316,3073,6389,23370,24983,48353
LGA13310,826,1384,867,2251,225,145,370,3639,3322,6961,488,383,871,4352,3850,8202
LGA13320,1390,1325,1368,2693,276,268,544,3121,3413,6534,753,727,1480,4150,4408,8558
LGA13340,345,323,307,630,46,56,102,1217,1311,2528,204,173,377,1467,1540,3007
LGA13380,1610,1566,1617,3183,551,554,1105,4766,5185,9951,890,842,1732,6207,6581,12788
LGA13450,1136,1110,948,2058,196,187,383,2979,3005,5984,669,552,1221,3844,3744,7588
LGA13500,75,111,98,209,22,13,35,445,463,908,61,33,94,528,509,1037
LGA13550,465,478,483,961,285,262,547,1154,1307,2461,270,233,503,1709,1802,3511
LGA13650,151,158,148,306,90,92,182,436,443,879,93,78,171,619,613,1232
LGA13660,67,128,115,243,38,46,84,513,505,1018,46,38,84,597,589,1186
LGA13700,96,97,107,204,36,27,63,352,385,737,59,51,110,447,463,910
LGA13800,2287,2039,1911,3950,359,333,692,7979,8381,16360,1316,1169,2485,9654,9883,19537
LGA13850,76,105,83,188,43,35,78,317,346,663,50,40,90,410,421,831
LGA13950,4198,4003,3894,7897,135,176,311,13006,13221,26227,2433,2130,4563,15574,15527,31101
LGA14000,3140,2917,2998,5915,100,131,231,22778,23471,46249,1858,1677,3535,24736,25279,50015
LGA14100,372,344,360,704,38,3,41,2143,1769,3912,202,183,385,2383,1955,4338
LGA14150,2184,2214,2285,4499,103,97,200,10424,10579,21003,1225,1140,2365,11752,11816,23568
LGA14200,398,542,582,1124,224,213,437,1794,2018,3812,272,188,460,2290,2419,4709
LGA14250,58,66,54,120,9,6,15,193,159,352,38,23,61,240,188,428
LGA14300,188,940,172,1112,221,48,269,1177,626,1803,130,93,223,1528,767,2295
LGA14350,938,1476,1075,2551,781,685,1466,2916,2824,5740,519,523,1042,4216,4032,8248
LGA14400,441,468,440,908,60,68,128,2489,2548,5037,284,217,501,2833,2833,5666
LGA14450,1603,1462,1524,2986,50,55,105,7523,7726,15249,922,846,1768,8495,8627,17122
LGA14500,2971,2283,2463,4746,31,49,80,16899,17606,34505,1600,1619,3219,18530,19274,37804
LGA14550,315,341,314,655,94,95,189,971,1103,2074,185,157,342,1250,1355,2605
LGA14600,184,234,210,444,194,224,418,530,583,1113,115,87,202,839,894,1733
LGA14650,4266,4923,5032,9955,1118,1227,2345,22340,23332,45672,2511,2228,4739,25969,26787,52756
LGA14700,927,687,744,1431,20,21,41,4300,4281,8581,487,509,996,4807,4811,9618
LGA14750,500,438,498,936,139,169,308,1476,1523,2999,251,281,532,1866,1973,3839
LGA14800,2442,1687,1610,3297,80,97,177,5163,5887,11050,1308,1199,2507,6551,7183,13734
LGA14850,1236,1231,1154,2385,445,470,915,5318,5875,11193,728,628,1356,6491,6973,13464
LGA14870,771,1086,745,1831,236,174,410,2407,2201,4608,439,391,830,3082,2766,5848
LGA14900,8057,7548,7547,15095,575,549,1124,25598,26518,52116,4488,4269,8757,30661,31336,61997
LGA14920,217,302,274,576,155,170,325,740,783,1523,132,108,240,1027,1061,2088
LGA14950,80,94,81,175,19,15,34,337,385,722,47,42,89,403,442,845
LGA15050,1902,1990,1949,3939,495,537,1032,8440,8944,17384,1114,966,2080,10049,10447,20496
LGA15150,2013,1395,1301,2696,27,21,48,4717,4989,9706,1111,985,2096,5855,5995,11850
LGA15200,4560,3358,2902,6260,188,196,384,8369,9172,17541,2585,2122,4707,11142,11490,22632
LGA15270,968,992,762,1754,167,187,354,2464,2590,5054,634,412,1046,3265,3189,6454
LGA15300,849,742,664,1406,522,555,1077,1124,1119,2243,473,415,888,2119,2089,4208
LGA15350,1683,1075,1091,2166,4,3,7,3304,3562,6866,895,853,1748,4203,4418,8621
LGA15500,218,231,214,445,35,40,75,674,715,1389,147,91,238,856,846,1702
LGA15550,110,96,97,193,47,36,83,244,202,446,59,57,116,350,295,645
LGA15650,712,919,614,1533,206,163,369,1994,1843,3837,407,361,768,2607,2367,4974
LGA15700,518,602,664,1266,288,299,587,1847,2032,3879,299,269,568,2434,2600,5034
LGA15750,474,516,494,1010,266,276,542,1257,1413,2670,264,239,503,1787,1928,3715
LGA15800,281,255,275,530,131,135,266,561,641,1202,145,151,296,837,927,1764
LGA15850,200,205,239,444,263,259,522,547,645,1192,117,99,216,927,1003,1930
LGA15900,4800,4726,4510,9236,794,799,1593,18948,19942,38890,2896,2362,5258,22638,23103,45741
LGA15950,4734,2761,2741,5502,25,19,44,5301,6165,11466,2495,2303,4798,7821,8487,16308
LGA16100,137,270,155,425,52,22,74,666,566,1232,85,78,163,803,666,1469
LGA16150,1480,1396,1312,2708,449,452,901,4448,4863,9311,860,707,1567,5757,6022,11779
LGA16180,705,515,460,975,49,47,96,1795,1871,3666,392,347,739,2236,2265,4501
LGA16200,671,644,635,1279,261,275,536,1583,1736,3319,380,324,704,2224,2335,4559
LGA16250,7398,6945,6224,13169,345,230,575,22179,22304,44483,4326,3616,7942,26850,26150,53000
LGA16350,5459,5928,5754,11682,1215,1263,2478,22854,24034,46888,3147,2798,5945,27216,28095,55311
LGA16370,1804,1538,1547,3085,60,48,108,7224,7589,14813,1060,893,1953,8344,8530,16874
LGA16380,2085,2200,2246,4446,515,524,1039,7702,8501,16203,1209,1065,2274,9426,10090,19516
LGA16400,2526,2249,2240,4489,472,515,987,7204,7765,14969,1420,1261,2681,9096,9541,18637
LGA16470,1425,1291,1052,2343,253,232,485,4619,4920,9539,856,631,1487,5728,5783,11511
LGA16550,7740,6730,5187,11917,519,353,872,18410,17663,36073,4264,3795,8059,23193,21811,45004
LGA16610,663,779,765,1544,313,339,652,2350,2597,4947,386,343,729,3049,3279,6328
LGA16650,4541,3978,3738,7716,116,107,223,12130,12031,24161,2613,2224,4837,14859,14362,29221
LGA16700,3387,2875,2838,5713,63,67,130,14229,14669,28898,1896,1724,3620,16188,16460,32648
LGA16900,1401,1749,1749,3498,450,455,905,8109,8557,16666,809,768,1577,9368,9780,19148
LGA16950,3854,3888,3470,7358,954,893,1847,9863,10348,20211,2130,1948,4078,12947,13189,26136
LGA17000,707,731,618,1349,178,202,380,2829,2908,5737,440,343,783,3447,3453,6900
LGA17050,843,586,431,1017,20,7,27,884,853,1737,496,357,853,1400,1217,2617
LGA17100,2108,1554,1445,2999,33,15,48,5105,4838,9943,1162,1056,2218,6300,5909,12209
LGA17150,5397,5081,5125,10206,375,339,714,26671,27828,54499,3200,2706,5906,30246,30873,61119
LGA17200,20151,12986,10482,23468,338,412,750,17985,19913,37898,11514,8918,20432,29837,29243,59080
LGA17310,1946,1960,1904,3864,966,1008,1974,6179,6371,12550,1060,1015,2075,8205,8394,16599
LGA17350,129,158,163,321,23,12,35,714,713,1427,70,74,144,807,799,1606
LGA17400,300,303,265,568,87,94,181,617,763,1380,185,135,320,889,992,1881
LGA17420,3420,3275,3221,6496,137,130,267,25500,25375,50875,2012,1832,3844,27649,27337,54986
LGA17450,99,233,91,324,33,11,44,441,373,814,69,47,116,543,431,974
LGA17500,333,344,342,686,84,117,201,1223,1218,2441,174,180,354,1481,1515,2996
LGA17550,2938,2911,3199,6110,647,666,1313,8986,10219,19205,1600,1574,3174,11233,12459,23692
LGA17620,435,425,463,888,125,109,234,1497,1604,3101,225,239,464,1847,1952,3799
LGA17640,219,228,222,450,23,32,55,801,861,1662,118,123,241,942,1016,1958
LGA17650,172,158,152,310,59,72,131,722,794,1516,104,90,194,885,956,1841
LGA17700,55,53,51,104,6,6,12,132,114,246,29,32,61,167,152,319
LGA17750,1376,1508,1597,3105,592,622,1214,7913,8666,16579,787,757,1544,9292,10045,19337
LGA17800,192,202,153,355,19,16,35,424,445,869,121,86,207,564,547,1111
LGA17850,53,88,91,179,51,47,98,274,347,621,30,23,53,355,417,772
LGA17900,377,433,318,751,325,361,686,417,393,810,236,159,395,978,913,1891
LGA17950,74,102,97,199,56,93,149,225,280,505,48,36,84,329,409,738
LGA18000,3933,3625,3615,7240,96,114,210,18191,18582,36773,2287,1945,4232,20574,20641,41215
LGA18020,439,439,385,824,211,203,414,1014,1029,2043,244,215,459,1469,1447,2916
LGA18050,6060,3889,3588,7477,39,51,90,6535,7075,13610,3290,2886,6176,9864,10012,19876
LGA18100,97,124,95,219,23,11,34,383,456,839,64,33,97,470,500,970
LGA18150,302,740,358,1098,556,294,850,866,755,1621,174,148,322,1596,1197,2793
LGA18200,239,263,230,493,105,130,235,688,667,1355,155,106,261,948,903,1851
LGA18250,2540,1798,1800,3598,26,24,50,8762,9333,18095,1388,1278,2666,10176,10635,20811
LGA18350,1287,1260,1334,2594,165,214,379,5185,5845,11030,756,624,1380,6106,6683,12789
LGA18400,1199,1228,1195,2423,239,237,476,5835,5939,11774,680,637,1317,6754,6813,13567
LGA18450,5818,5918,5772,11690,912,909,1821,26073,26492,52565,3446,2885,6331,30431,30286,60717
LGA18500,4854,2958,2983,5941,26,27,53,5430,6122,11552,2554,2412,4966,8010,8561,16571
LGA18550,4522,4874,5243,10117,1202,1231,2433,17515,19260,36775,2521,2362,4883,21238,22853,44091
LGA18710,594,455,476,931,61,61,122,1852,1996,3848,320,312,632,2233,2369,4602
LGA18750,454,413,467,880,76,100,176,1407,1525,2932,259,238,497,1742,1863,3605
LGA19399,21,28,17,45,9,6,15,81,89,170,18,6,24,108,101,209
LGA19499,1154,1958,861,2819,249,174,423,1727,1152,2879,763,419,1182,2739,1745,4484
LGA20110,336,319,330,649,23,21,44,1197,1322,2519,203,172,375,1423,1515,2938
LGA20260,273,719,375,1094,35,23,58,1505,1250,2755,144,155,299,1684,1428,3112
LGA20570,2956,2929,3138,6067,225,275,500,12164,13305,25469,1624,1559,3183,14013,15139,29152
LGA20660,3020,2871,2988,5859,123,146,269,14887,15489,30376,1751,1559,3310,16761,17194,33955
LGA20740,1200,1084,1224,2308,44,47,91,2877,3236,6113,610,660,1270,3531,3943,7474
LGA20830,1078,1240,1213,2453,91,94,185,4994,5649,10643,647,546,1193,5732,6289,12021
LGA20910,3199,2520,2757,5277,31,34,65,12287,12638,24925,1727,1708,3435,14045,14380,28425
LGA21010,307,352,384,736,30,30,60,1511,1560,3071,168,169,337,1709,1759,3468
LGA21110,4732,3950,3991,7941,53,53,106,23884,24565,48449,2722,2352,5074,26659,26970,53629
LGA21180,8262,8434,8048,16482,142,157,299,24341,24929,49270,4832,4354,9186,29315,29440,58755
LGA21270,110,184,177,361,6,11,17,728,732,1460,67,57,124,801,800,1601
LGA21370,1127,1222,1279,2501,161,173,334,4203,4380,8583,610,625,1235,4974,5178,10152
LGA21450,2243,2134,2147,4281,80,90,170,9692,10559,20251,1254,1172,2426,11026,11821,22847
LGA21610,6689,7747,7571,15318,289,319,608,35613,36630,72243,3980,3618,7598,39882,40567,80449
LGA21670,314,425,392,817,32,26,58,1284,1357,2641,186,157,343,1502,1540,3042
LGA21750,535,645,664,1309,32,40,72,2320,2446,4766,304,280,584,2656,2766,5422
LGA21830,385,466,467,933,20,19,39,1973,2137,4110,244,196,440,2237,2352,4589
LGA21890,5841,5356,4936,10292,202,233,435,17021,18442,35463,3355,2864,6219,20578,21539,42117
LGA22110,1210,1380,1338,2718,281,285,566,4235,4571,8806,690,609,1299,5206,5465,10671
LGA22170,4545,4304,4598,8902,215,217,432,15191,16311,31502,2506,2377,4883,17912,18905,36817
LGA22250,352,375,380,755,37,31,68,1087,1152,2239,193,184,377,1317,1367,2684
LGA22310,4382,3791,3792,7583,40,39,79,17320,17836,35156,2501,2228,4729,19861,20103,39964
LGA22410,654,621,662,1283,86,104,190,2177,2350,4527,359,343,702,2622,2797,5419
LGA22490,477,505,485,990,28,28,56,2571,2585,5156,265,255,520,2864,2868,5732
LGA22620,2884,3089,3178,6267,295,321,616,12239,13735,25974,1656,1468,3124,14190,15524,29714
LGA22670,4718,5786,5393,11179,116,109,225,18297,18080,36377,2896,2497,5393,21309,20686,41995
LGA22750,5954,6807,6099,12906,423,444,867,26493,27556,54049,3431,3044,6475,30347,31044,61391
LGA22830,2214,2471,2228,4699,433,459,892,7314,7493,14807,1245,1177,2422,8992,9129,18121
LGA22910,519,494,523,1017,18,19,37,1509,1691,3200,281,281,562,1808,1991,3799
LGA22980,125,164,164,328,13,15,28,639,640,1279,80,69,149,732,724,1456
LGA23110,3248,3026,2932,5958,76,66,142,10193,10388,20581,1830,1665,3495,12099,12119,24218
LGA23190,457,533,543,1076,40,67,107,2101,2292,4393,280,221,501,2421,2580,5001
LGA23270,6258,6474,6479,12953,228,228,456,23111,24538,47649,3538,3411,6949,26877,28177,55054
LGA23350,435,571,406,977,32,35,67,1925,1991,3916,247,223,470,2204,2249,4453
LGA23430,4408,4358,4177,8535,66,69,135,17170,17837,35007,2611,2174,4785,19847,20080,39927
LGA23670,2739,3265,3195,6460,127,114,241,18985,20009,38994,1737,1404,3141,20849,21527,42376
LGA23810,2605,2560,2621,5181,226,228,454,8442,9217,17659,1470,1341,2811,10138,10786,20924
LGA23940,291,266,244,510,9,32,41,719,783,1502,167,139,306,895,954,1849
LGA24130,1137,1057,1079,2136,43,41,84,5538,5801,11339,602,627,1229,6183,6469,12652
LGA24210,2296,2442,2607,5049,23,30,53,14638,14929,29567,1339,1232,2571,16000,16191,32191
LGA24250,215,216,208,424,12,14,26,849,969,1818,123,110,233,984,1093,2077
LGA24330,4414,3794,2911,6705,68,68,136,9210,9172,18382,2681,1947,4628,11959,11187,23146
LGA24410,2106,2260,2532,4792,86,93,179,13198,13651,26849,1179,1173,2352,14463,14917,29380
LGA24600,9371,6207,5112,11319,75,47,122,14091,15925,30016,5245,4378,9623,19411,20350,39761
LGA24650,3676,4323,3916,8239,199,168,367,14964,15353,30317,2099,1974,4073,17262,17495,34757
LGA24780,1853,1918,2017,3935,360,438,798,6028,6364,12392,1053,977,2030,7441,7779,15220
LGA24850,1403,1223,1228,2451,85,90,175,4387,4646,9033,760,730,1490,5232,5466,10698
LGA24900,1070,1092,1063,2155,82,80,162,3102,3394,6496,620,532,1152,3804,4006,7810
LGA24970,4562,4566,4290,8856,63,86,149,24676,24132,48808,2814,2229,5043,27553,26447,54000
LGA25060,4130,3585,3674,7259,64,59,123,13129,14084,27213,2273,2124,4397,15466,16267,31733
LGA25150,848,900,790,1690,53,48,101,3579,3763,7342,514,418,932,4146,4229,8375
LGA25250,6395,5855,5351,11206,141,135,276,18116,19179,37295,3726,3136,6862,21983,22450,44433
LGA25340,5348,4714,5423,10137,221,201,422,16570,17776,34346,2827,2868,5695,19618,20845,40463
LGA25430,583,1012,733,1745,65,32,97,2311,2249,4560,311,312,623,2687,2593,5280
LGA25490,458,469,499,968,44,38,82,1889,2155,4044,238,254,492,2171,2447,4618
LGA25620,564,493,446,939,17,16,33,1329,1453,2782,316,278,594,1662,1747,3409
LGA25710,1177,1230,1245,2475,38,42,80,8995,9238,18233,673,631,1304,9706,9911,19617
LGA25810,355,373,354,727,24,24,48,1235,1318,2553,219,167,386,1478,1509,2987
LGA25900,6536,4441,3706,8147,45,37,82,7991,9105,17096,3714,2956,6670,11750,12098,23848
LGA25990,199,327,194,521,19,12,31,807,731,1538,115,109,224,941,852,1793
LGA26080,126,92,103,195,0,5,5,277,313,590,67,64,131,344,382,726
LGA26170,785,801,756,1557,39,47,86,2879,3284,6163,456,382,838,3374,3713,7087
LGA26260,377,409,409,818,47,34,81,1856,2016,3872,220,198,418,2123,2248,4371
LGA26350,5161,3635,3442,7077,26,25,51,10711,11939,22650,2906,2489,5395,13643,14453,28096
LGA26430,346,330,329,659,15,23,38,910,951,1861,191,175,366,1116,1149,2265
LGA26490,887,769,738,1507,30,34,64,3287,3335,6622,511,452,963,3828,3821,7649
LGA26610,786,850,817,1667,176,194,370,2286,2320,4606,434,422,856,2896,2936,5832
LGA26670,90,134,139,273,18,14,32,669,754,1423,48,52,100,735,820,1555
LGA26700,561,756,806,1562,49,55,104,3088,3485,6573,320,291,611,3457,3831,7288
LGA26730,1083,1150,1161,2311,108,107,215,3928,4438,8366,624,543,1167,4660,5088,9748
LGA26810,1330,2173,1324,3497,168,131,299,5332,4908,10240,771,674,1445,6271,5713,11984
LGA26890,88,126,122,248,3,3,6,449,516,965,50,41,91,502,560,1062
LGA26980,4107,3955,4030,7985,67,65,132,21175,22198,43373,2385,2087,4472,23627,24350,47977
LGA27070,4674,5251,5055,10306,233,248,481,19890,20779,40669,2808,2450,5258,22931,23477,46408
LGA27170,853,1048,907,1955,147,173,320,4886,5100,9986,547,405,952,5580,5678,11258
LGA27260,5812,6159,5323,11482,274,254,528,21876,22478,44354,3322,3010,6332,25472,25742,51214
LGA27350,4693,3418,3039,6457,49,55,104,7753,9242,16995,2631,2235,4866,10433,11532,21965
LGA27450,3856,3876,3797,7673,172,231,403,18495,19911,38406,2278,1952,4230,20945,22094,43039
LGA27630,275,242,248,490,18,13,31,719,776,1495,151,146,297,888,935,1823
LGA29399,78,56,40,96,0,0,0,70,58,128,45,33,78,115,91,206
LGA29499,667,1184,653,1837,91,62,153,1238,959,2197,398,293,691,1727,1314,3041
LGA30250,3,29,20,49,172,161,333,3,5,8,3,0,3,178,166,344
LGA30300,215,228,170,398,134,148,282,360,433,793,151,78,229,645,659,1304
LGA30370,472,487,396,883,87,118,205,1533,1589,3122,307,216,523,1927,1923,3850
LGA30410,136,118,106,224,36,41,77,280,314,594,72,70,142,388,425,813
LGA30450,12,18,6,24,6,3,9,16,32,48,9,3,12,31,38,69
LGA30760,68,72,70,142,19,19,38,165,206,371,44,31,75,228,256,484
LGA30900,18,20,22,42,25,26,51,12,10,22,7,11,18,44,47,91
LGA31000,37726,35009,30145,65154,3012,2831,5843,136205,143459,279664,22202,17996,40198,161419,164286,325705
LGA31750,25,23,7,30,0,12,12,34,15,49,18,7,25,52,34,86
LGA31820,3320,3282,3130,6412,594,657,1251,9282,10024,19306,1880,1650,3530,11756,12331,24087
LGA31900,644,675,602,1277,175,180,355,1732,1813,3545,386,291,677,2293,2284,4577
LGA31950,84,68,44,112,20,23,43,13,21,34,59,25,84,92,69,161
LGA32070,9504,7893,7077,14970,2713,2930,5643,15428,17318,32746,5341,4529,9870,23482,24777,48259
LGA32250,222,164,167,331,98,116,214,69,71,140,124,104,228,291,291,582
LGA32260,1014,1151,973,2124,429,479,908,2489,2569,5058,627,497,1124,3545,3545,7090
LGA32270,2008,1712,1069,2781,195,175,370,3144,3124,6268,1326,773,2099,4665,4072,8737
LGA32310,602,599,474,1073,200,198,398,1231,1374,2605,387,250,637,1818,1822,3640
LGA32330,12,15,11,26,184,167,351,0,0,0,7,5,12,191,172,363
LGA32450,314,293,159,452,91,127,218,209,207,416,229,107,336,529,441,970
LGA32500,230,683,163,846,123,143,266,673,221,894,148,101,249,944,465,1409
LGA32600,16,25,16,41,12,15,27,25,13,38,12,4,16,49,32,81
LGA32750,6,10,4,14,7,5,12,9,16,25,6,0,6,22,21,43
LGA32770,6,35,21,56,196,160,356,8,6,14,6,0,6,210,166,376
LGA33100,39,35,36,71,3,3,6,55,65,120,26,16,42,84,84,168
LGA33200,106,92,58,150,14,18,32,164,155,319,71,39,110,249,212,461
LGA33220,3061,3742,3263,7005,811,728,1539,9906,10802,20708,1770,1520,3290,12487,13050,25537
LGA33360,3388,2731,2193,4924,359,390,749,6155,6490,12645,2023,1494,3517,8537,8374,16911
LGA33430,25828,19839,19285,39124,1192,1319,2511,56649,61972,118621,14114,12738,26852,71955,76029,147984
LGA33610,579,468,476,944,92,110,202,1089,1175,2264,319,297,616,1500,1582,3082
LGA33620,1721,1738,1742,3480,285,250,535,4814,5339,10153,948,873,1821,6047,6462,12509
LGA33800,326,379,344,723,137,114,251,1078,1141,2219,205,159,364,1420,1414,2834
LGA33830,12,23,15,38,126,141,267,0,3,3,12,0,12,138,144,282
LGA33960,5985,6400,5540,11940,1387,1362,2749,20157,21091,41248,3475,2952,6427,25019,25405,50424
LGA33980,1934,1684,787,2471,105,95,200,2452,2443,4895,1443,555,1998,4000,3093,7093
LGA34420,3,10,7,17,112,109,221,3,7,10,3,0,3,118,116,234
LGA34570,6,13,12,25,56,70,126,0,0,0,3,3,6,59,73,132
LGA34580,1701,1513,1369,2882,213,243,456,4014,4583,8597,964,830,1794,5191,5656,10847
LGA34590,10606,10279,9893,20172,1579,1662,3241,33573,35610,69183,6034,5502,11536,41186,42774,83960
LGA34710,163,155,160,315,43,68,111,412,458,870,91,76,167,546,602,1148
LGA34770,5569,5477,3338,8815,871,943,1814,11710,12284,23994,3992,1830,5822,16573,15057,31630
LGA34800,94,86,31,117,4,3,7,65,73,138,71,26,97,140,102,242
LGA34830,0,0,3,3,23,31,54,3,0,3,0,0,0,26,31,57
LGA34860,933,736,608,1344,168,170,338,1191,1192,2383,556,416,972,1915,1778,3693
LGA35010,12456,12065,11112,23177,1762,1761,3523,44133,47462,91595,7091,6158,13249,52986,55381,108367
LGA35250,3,35,30,65,163,157,320,9,9,18,3,0,3,175,166,341
LGA35300,2567,1878,1429,3307,569,603,1172,1776,1723,3499,1502,1128,2630,3847,3454,7301
LGA35600,245,230,207,437,95,108,203,421,415,836,149,107,256,665,630,1295
LGA35670,0,6,9,15,135,131,266,3,3,6,0,0,0,138,134,272
LGA35760,483,483,429,912,104,116,220,911,1033,1944,268,241,509,1283,1390,2673
LGA35780,28,75,69,144,338,367,705,33,22,55,18,10,28,389,399,788
LGA35790,15,33,32,65,316,283,599,6,5,11,6,9,15,328,297,625
LGA35800,66,85,69,154,79,112,191,81,98,179,41,25,66,201,235,436
LGA36070,3,7,4,11,68,66,134,6,3,9,3,0,3,77,69,146
LGA36150,24,32,20,52,19,14,33,80,80,160,19,5,24,118,99,217
LGA36250,3484,3535,3517,7052,493,546,1039,16285,17372,33657,2014,1777,3791,18792,19695,38487
LGA36300,53,49,33,82,6,9,15,71,83,154,34,22,56,111,114,225
LGA36360,5901,5548,4510,10058,1269,1231,2500,11864,12420,24284,3475,2686,6161,16608,16337,32945
LGA36510,1089,1134,1005,2139,173,190,363,3864,4206,8070,631,536,1167,4668,4932,9600
LGA36580,720,764,677,1441,127,116,243,2283,2447,4730,433,347,780,2843,2910,5753
LGA36630,949,1053,936,1989,294,256,550,3190,3520,6710,582,466,1048,4066,4242,8308
LGA36660,958,1042,1083,2125,222,216,438,3554,3893,7447,559,496,1055,4335,4605,8940
LGA36710,10177,9495,8940,18435,979,970,1949,33603,37506,71109,5908,4924,10832,40490,43400,83890
LGA36810,1785,2488,1803,4291,1143,812,1955,4043,4595,8638,1088,812,1900,6274,6219,12493
LGA36910,5064,4831,4826,9657,1018,1167,2185,18007,19497,37504,2865,2561,5426,21890,23225,45115
LGA36950,263,258,246,504,409,405,814,84,103,187,152,131,283,645,639,1284
LGA36960,48,139,108,247,697,642,1339,41,28,69,38,13,51,776,683,1459
LGA37010,8773,7796,6370,14166,2365,2294,4659,19646,21960,41606,5175,4024,9199,27186,28278,55464
LGA37300,288,229,178,407,117,141,258,273,286,559,177,129,306,567,556,1123
LGA37310,1850,1543,1271,2814,252,278,530,3266,3342,6608,1113,800,1913,4631,4420,9051
LGA37340,2880,2239,1561,3800,242,241,483,2719,2770,5489,1786,1149,2935,4747,4160,8907
LGA37400,33,55,34,89,24,18,42,111,121,232,22,11,33,157,150,307
LGA37550,9,27,17,44,128,129,257,3,3,6,3,6,9,134,138,272
LGA37570,0,3,0,3,29,17,46,0,0,0,0,0,0,29,17,46
LGA37600,4,30,27,57,314,349,663,6,3,9,4,3,7,324,355,679
LGA39399,67,52,35,87,0,0,0,36,28,64,43,24,67,79,52,131
LGA39499,1080,1296,648,1944,166,138,304,858,709,1567,729,363,1092,1753,1210,2963
LGA40070,1583,1345,836,2181,81,40,121,3403,3531,6934,948,672,1620,4432,4243,8675
LGA40120,756,880,834,1714,49,42,91,5293,5466,10759,469,369,838,5811,5877,11688
LGA40220,555,563,596,1159,58,70,128,2283,2624,4907,308,290,598,2649,2984,5633
LGA40250,23,65,66,131,341,337,678,20,24,44,13,13,26,374,374,748
LGA40310,469,480,494,974,33,29,62,2573,2716,5289,258,245,503,2864,2990,5854
LGA40430,73,87,80,167,10,8,18,215,235,450,43,30,73,268,273,541
LGA40520,360,377,406,783,78,104,182,1163,1248,2411,215,172,387,1456,1524,2980
LGA40700,1130,939,1118,2057,24,37,61,5741,6326,12067,624,599,1223,6389,6962,13351
LGA40910,983,1136,1301,2437,46,52,98,6180,6471,12651,564,579,1143,6790,7102,13892
LGA41010,102,119,120,239,130,176,306,269,281,550,60,48,108,459,505,964
LGA41060,2938,3390,3331,6721,264,274,538,12192,12878,25070,1760,1490,3250,14216,14642,28858
LGA41140,201,227,242,469,14,14,28,940,1071,2011,114,109,223,1068,1194,2262
LGA41190,22,22,29,51,3,3,6,187,170,357,12,13,25,202,186,388
LGA41330,133,145,115,260,48,51,99,122,116,238,78,59,137,248,226,474
LGA41560,258,342,341,683,58,55,113,1201,1332,2533,156,138,294,1415,1525,2940
LGA41750,11,19,13,32,4,4,8,99,124,223,11,3,14,114,131,245
LGA41830,54,56,55,111,38,38,76,158,158,316,33,30,63,229,226,455
LGA41960,79,52,59,111,3,0,3,125,126,251,39,45,84,167,171,338
LGA42030,608,591,643,1234,57,74,131,2277,2618,4895,322,323,645,2656,3015,5671
LGA42110,106,133,122,255,17,4,21,449,476,925,57,62,119,523,542,1065
LGA42250,156,366,191,557,41,21,62,1079,1047,2126,89,79,168,1209,1147,2356
LGA42600,1269,1014,1105,2119,35,29,64,3570,4119,7689,686,636,1322,4291,4784,9075
LGA42750,162,145,134,279,9,12,21,416,465,881,95,70,165,520,547,1067
LGA43080,31,35,27,62,3,3,6,94,126,220,20,11,31,117,140,257
LGA43220,43,33,38,71,0,3,3,102,117,219,22,21,43,124,141,265
LGA43360,57,89,59,148,8,4,12,231,232,463,43,14,57,282,250,532
LGA43650,319,359,314,673,26,33,59,1902,1904,3806,198,157,355,2126,2094,4220
LGA43710,76,232,115,347,34,35,69,711,602,1313,49,42,91,794,679,1473
LGA43790,251,307,291,598,51,53,104,1276,1346,2622,147,129,276,1474,1528,3002
LGA43920,260,263,247,510,41,40,81,947,1056,2003,159,127,286,1147,1223,2370
LGA44000,0,4,4,8,17,7,24,0,4,4,0,0,0,17,11,28
LGA44060,2016,2140,2192,4332,193,185,378,9868,10704,20572,1144,1070,2214,11205,11959,23164
LGA44210,363,509,296,805,53,37,90,866,767,1633,222,163,385,1141,967,2108
LGA44340,1251,1202,1234,2436,69,75,144,8553,9181,17734,718,658,1376,9340,9914,19254
LGA44550,577,610,578,1188,57,49,106,3759,4218,7977,361,292,653,4177,4559,8736
LGA44620,467,683,735,1418,130,146,276,2888,3308,6196,296,239,535,3314,3693,7007
LGA44830,97,91,107,198,14,26,40,276,298,574,55,54,109,345,378,723
LGA45040,704,1092,729,1821,263,188,451,2245,2230,4475,406,333,739,2914,2751,5665
LGA45090,204,225,228,453,30,24,54,919,937,1856,105,105,210,1054,1066,2120
LGA45120,105,130,100,230,16,12,28,463,472,935,76,49,125,555,533,1088
LGA45290,1161,1084,955,2039,49,36,85,4572,4815,9387,696,543,1239,5317,5394,10711
LGA45340,3848,4177,4240,8417,487,514,1001,18973,20592,39565,2247,1991,4238,21707,23097,44804
LGA45400,15,23,10,33,3,8,11,85,82,167,10,8,18,98,98,196
LGA45540,63,74,65,139,13,18,31,180,175,355,34,29,63,227,222,449
LGA45680,2685,3101,2966,6067,528,503,1031,9833,10517,20350,1560,1432,2992,11921,12452,24373
LGA45890,3833,4802,4170,8972,674,590,1264,14172,14402,28574,2261,1885,4146,17107,16877,33984
LGA46090,927,1179,841,2020,551,441,992,1311,1233,2544,517,443,960,2379,2117,4496
LGA46300,405,486,445,931,160,167,327,1421,1648,3069,243,197,440,1824,2012,3836
LGA46450,405,565,558,1123,92,120,212,1963,2055,4018,241,208,449,2296,2383,4679
LGA46510,533,558,475,1033,36,36,72,2684,2810,5494,334,241,575,3054,3087,6141
LGA46670,406,374,368,742,31,35,66,1021,1071,2092,218,212,430,1270,1318,2588
LGA46860,69,63,41,104,3,3,6,134,127,261,42,27,69,179,157,336
LGA46970,441,390,125,515,8,18,26,530,514,1044,363,94,457,901,626,1527
LGA47140,4314,4604,4546,9150,472,517,989,15729,16489,32218,2521,2203,4724,18722,19209,37931
LGA47290,37,60,58,118,8,3,11,203,248,451,28,16,44,239,267,506
LGA47490,102,92,72,164,8,6,14,206,245,451,70,38,108,284,289,573
LGA47630,102,145,142,287,12,6,18,784,798,1582,63,54,117,859,858,1717
LGA47700,1846,2101,2290,4391,172,178,350,11632,12391,24023,1080,966,2046,12884,13535,26419
LGA47800,300,273,229,502,56,70,126,541,544,1085,181,128,309,778,742,1520
LGA47910,29,42,69,111,0,6,6,246,278,524,15,17,32,261,301,562
LGA47980,1093,981,987,1968,26,44,70,4745,5387,10132,636,529,1165,5407,5960,11367
LGA48050,685,516,580,1096,30,32,62,1082,1252,2334,367,345,712,1479,1629,3108
LGA48130,211,217,185,402,19,17,36,721,789,1510,148,94,242,888,900,1788
LGA48260,275,224,215,439,6,4,10,902,984,1886,159,125,284,1067,1113,2180
LGA48340,225,328,344,672,34,36,70,1367,1445,2812,137,111,248,1538,1592,3130
LGA48410,1553,1645,1785,3430,105,104,209,6754,7406,14160,918,787,1705,7777,8297,16074
LGA48540,936,936,881,1817,170,201,371,2450,2632,5082,555,443,998,3175,3276,6451
LGA48640,17,27,37,64,6,3,9,116,160,276,10,7,17,132,170,302
LGA48750,100,118,102,220,11,0,11,354,461,815,58,52,110,423,513,936
LGA48830,209,268,255,523,53,85,138,958,968,1926,117,109,226,1128,1162,2290
LGA49399,418,399,319,718,174,181,355,300,251,551,255,171,426,729,603,1332
LGA49499,184,301,159,460,34,31,65,331,245,576,116,71,187,481,347,828
LGA50080,935,1327,906,2233,322,193,515,3918,3995,7913,578,445,1023,4818,4633,9451
LGA50210,2819,2553,2377,4930,327,365,692,7113,7404,14517,1592,1362,2954,9032,9131,18163
LGA50250,1329,1162,359,1521,140,125,265,761,657,1418,1050,290,1340,1951,1072,3023
LGA50280,717,560,464,1024,34,19,53,1268,1347,2615,410,322,732,1712,1688,3400
LGA50350,521,497,498,995,86,67,153,1582,1614,3196,306,247,553,1974,1928,3902
LGA50420,2541,2401,1928,4329,156,167,323,6707,6976,13683,1569,1112,2681,8432,8255,16687
LGA50490,2091,1881,1585,3466,205,212,417,3757,3807,7564,1225,973,2198,5187,4992,10179
LGA50560,46,50,46,96,20,14,34,135,129,264,23,23,46,178,166,344
LGA50630,347,335,88,423,18,21,39,204,163,367,294,56,350,516,240,756
LGA50770,31,42,42,84,4,6,10,159,171,330,15,16,31,178,193,371
LGA50840,81,94,98,192,16,3,19,453,510,963,50,38,88,519,551,1070
LGA50910,39,35,24,59,13,14,27,58,76,134,26,16,42,97,106,203
LGA50980,1156,1131,861,1992,863,823,1686,1086,1185,2271,637,544,1181,2586,2552,5138
LGA51080,33,56,43,99,39,32,71,95,125,220,23,13,36,157,170,327
LGA51120,29,29,43,72,8,9,17,98,101,199,15,17,32,121,127,248
LGA51190,1525,1652,1292,2944,234,206,440,3187,3314,6501,859,738,1597,4280,4258,8538
LGA51260,1109,982,953,1935,113,121,234,3360,3547,6907,629,545,1174,4102,4213,8315
LGA51310,793,605,653,1258,9,9,18,3667,3630,7297,419,411,830,4095,4050,8145
LGA51330,3057,2816,2400,5216,181,157,338,12484,12507,24991,1893,1388,3281,14558,14052,28610
LGA51400,638,533,521,1054,70,76,146,1997,2133,4130,367,316,683,2434,2525,4959
LGA51470,36,28,29,57,6,0,6,40,53,93,17,19,36,63,72,135
LGA51540,510,406,403,809,212,222,434,424,445,869,252,267,519,888,934,1822
LGA51610,42,40,24,64,10,20,30,103,116,219,32,16,48,145,152,297
LGA51680,176,140,123,263,14,24,38,529,536,1065,110,78,188,653,638,1291
LGA51750,477,468,306,774,24,0,24,1338,1300,2638,291,205,496,1653,1505,3158
LGA51820,2926,2956,2729,5685,340,340,680,11052,11556,22608,1720,1414,3134,13112,13310,26422
LGA51890,374,470,293,763,67,60,127,979,951,1930,288,114,402,1334,1125,2459
LGA51960,406,321,240,561,72,75,147,376,414,790,247,173,420,695,662,1357
LGA52030,47,42,31,73,6,11,17,69,94,163,30,17,47,105,122,227
LGA52100,25,29,29,58,8,0,8,86,85,171,13,15,28,107,100,207
LGA52170,569,367,383,750,0,0,0,935,1069,2004,308,279,587,1243,1348,2591
LGA52240,50,48,37,85,6,5,11,97,120,217,31,19,50,134,144,278
LGA52310,19,17,15,32,0,0,0,72,109,181,11,8,19,83,117,200
LGA52380,29,37,22,59,16,14,30,15,10,25,20,9,29,51,33,84
LGA52450,45,46,36,82,6,6,12,175,135,310,23,22,45,204,163,367
LGA52520,30,41,24,65,10,12,22,128,109,237,19,11,30,157,132,289
LGA52590,270,201,151,352,20,16,36,278,263,541,155,118,273,453,397,850
LGA52660,404,417,372,789,39,58,97,1410,1519,2929,260,171,431,1709,1748,3457
LGA52730,191,183,163,346,21,9,30,549,628,1177,117,96,213,687,733,1420
LGA52800,652,1939,465,2404,661,689,1350,1593,207,1800,362,294,656,2616,1190,3806
LGA52870,177,183,128,311,13,27,40,571,574,1145,114,72,186,698,673,1371
LGA52940,4,16,8,24,6,3,9,68,62,130,7,0,7,81,65,146
LGA53010,12,18,14,32,5,0,5,45,65,110,6,9,15,56,74,130
LGA53080,131,131,58,189,34,22,56,69,82,151,98,33,131,201,137,338
LGA53150,261,223,199,422,11,6,17,922,934,1856,159,135,294,1092,1075,2167
LGA53220,2070,1781,661,2442,377,341,718,606,539,1145,1589,497,2086,2572,1377,3949
LGA53290,645,592,518,1110,124,154,278,1466,1548,3014,392,287,679,1982,1989,3971
LGA53360,151,132,84,216,12,7,19,222,218,440,96,65,161,330,290,620
LGA53430,1213,1055,968,2023,82,91,173,2748,3198,5946,707,582,1289,3537,3871,7408
LGA53520,1317,1692,1348,3040,818,711,1529,3801,4138,7939,787,645,1432,5406,5494,10900
LGA53570,302,277,190,467,11,19,30,455,465,920,194,118,312,660,602,1262
LGA53640,42,47,33,80,21,24,45,130,124,254,29,16,45,180,164,344
LGA53710,38,31,33,64,17,12,29,78,90,168,20,21,41,115,123,238
LGA53780,4856,5192,3999,9191,694,499,1193,13757,13488,27245,2791,2330,5121,17242,16317,33559
LGA53920,62,149,108,257,502,487,989,54,38,92,41,25,66,597,550,1147
LGA53990,1061,902,843,1745,105,87,192,2822,2869,5691,583,530,1113,3510,3486,6996
LGA54060,141,150,115,265,16,14,30,383,381,764,99,53,152,498,448,946
LGA54130,36,49,31,80,6,0,6,122,99,221,19,17,36,147,116,263
LGA54170,4017,3915,3635,7550,186,193,379,19945,20869,40814,2451,1896,4347,22582,22958,45540
LGA54200,2132,1833,1656,3489,173,214,387,6231,6450,12681,1233,1010,2243,7637,7674,15311
LGA54280,3025,2368,1810,4178,419,411,830,3180,3200,6380,1789,1328,3117,5388,4939,10327
LGA54340,101,166,155,321,86,89,175,494,507,1001,70,50,120,650,646,1296
LGA54410,38,48,36,84,23,13,36,114,121,235,29,15,44,166,149,315
LGA54480,6,13,0,13,0,0,0,56,49,105,6,0,6,62,49,111
LGA54550,35,64,54,118,12,22,34,179,197,376,25,13,38,216,232,448
LGA54620,67,74,29,103,10,25,35,77,81,158,58,9,67,145,115,260
LGA54690,8,8,6,14,3,6,9,33,31,64,5,3,8,41,40,81
LGA54760,6,17,13,30,3,9,12,83,93,176,9,0,9,95,102,197
LGA54830,1743,2091,1339,3430,451,155,606,3543,3405,6948,997,849,1846,4991,4409,9400
LGA54900,35,49,29,78,3,3,6,126,144,270,23,12,35,152,159,311
LGA54970,122,107,39,146,55,42,97,33,29,62,92,30,122,180,101,281
LGA55040,485,465,206,671,32,49,81,221,169,390,370,118,488,623,336,959
LGA55110,3321,2983,2789,5772,258,276,534,7132,7957,15089,1942,1531,3473,9332,9764,19096
LGA55180,307,312,296,608,55,55,110,1026,1084,2110,184,146,330,1265,1285,2550
LGA55250,192,175,127,302,92,114,206,42,32,74,126,69,195,260,215,475
LGA55320,2829,2636,2529,5165,114,123,237,12699,13433,26132,1695,1364,3059,14508,14920,29428
LGA55390,14,12,11,23,32,33,65,3,9,12,9,5,14,44,47,91
LGA55460,115,119,113,232,33,42,75,396,343,739,72,59,131,501,444,945
LGA55530,14,22,18,40,3,0,3,55,47,102,10,10,20,68,57,125
LGA55600,83,90,86,176,42,76,118,214,247,461,55,38,93,311,361,672
LGA55670,34,53,29,82,26,20,46,124,101,225,29,11,40,179,132,311
LGA55740,392,301,331,632,18,45,63,968,1498,2466,217,195,412,1203,1738,2941
LGA55810,44,63,27,90,41,41,82,25,19,44,40,11,51,106,71,177
LGA55880,6,11,4,15,0,0,0,58,50,108,6,0,6,64,50,114
LGA55950,5,9,10,19,3,9,12,45,35,80,8,0,8,56,44,100
LGA56020,43,46,19,65,34,26,60,42,42,84,31,12,43,107,80,187
LGA56090,1426,2606,1177,3783,527,127,654,5284,4536,9820,807,707,1514,6618,5370,11988
LGA56160,10,6,9,15,3,8,11,7,5,12,6,4,10,16,17,33
LGA56230,669,612,514,1126,70,58,128,1438,1519,2957,386,312,698,1894,1889,3783
LGA56300,34,42,31,73,0,0,0,128,103,231,24,20,44,152,123,275
LGA56370,27,29,28,57,4,4,8,70,73,143,12,15,27,86,92,178
LGA56450,22,28,24,52,8,0,8,142,131,273,12,10,22,162,141,303
LGA56520,126,164,144,308,78,82,160,477,513,990,73,56,129,628,651,1279
LGA56580,661,531,520,1051,16,15,31,3351,3303,6654,377,332,709,3744,3650,7394
LGA56620,17,64,45,109,191,161,352,21,18,39,10,7,17,222,186,408
LGA56730,680,581,522,1103,129,124,253,1081,1144,2225,373,342,715,1583,1610,3193
LGA56790,124,135,99,234,28,34,62,309,279,588,72,58,130,409,371,780
LGA56860,15,11,4,15,7,7,14,18,22,40,15,4,19,40,33,73
LGA56930,115,68,73,141,0,9,9,225,300,525,53,65,118,278,374,652
LGA57000,67,69,16,85,9,12,21,61,46,107,59,8,67,129,66,195
LGA57080,2531,1631,1122,2753,18,14,32,1563,1535,3098,1522,1026,2548,3103,2575,5678
LGA57140,34,40,47,87,21,23,44,107,107,214,14,20,34,142,150,292
LGA57210,181,254,156,410,29,22,51,586,547,1133,103,91,194,718,660,1378
LGA57280,2667,1920,1248,3168,359,379,738,1044,1001,2045,1668,1043,2711,3071,2423,5494
LGA57350,12,21,19,40,23,28,51,66,74,140,8,4,12,97,106,203
LGA57420,115,99,74,173,6,0,6,205,205,410,68,47,115,279,252,531
LGA57490,4581,4043,3458,7501,342,392,734,12280,13317,25597,2762,2063,4825,15384,15772,31156
LGA57560,4213,3307,1579,4886,501,330,831,1843,1635,3478,2866,1373,4239,5210,3338,8548
LGA57630,18,16,5,21,0,0,0,3,7,10,13,5,18,16,12,28
LGA57700,531,777,452,1229,72,59,131,2373,2331,4704,333,247,580,2778,2637,5415
LGA57770,25,30,16,46,9,6,15,57,49,106,16,13,29,82,68,150
LGA57840,2113,1570,1478,3048,114,91,205,5407,5457,10864,1181,987,2168,6702,6535,13237
LGA57910,9597,8120,7362,15482,466,456,922,22718,24207,46925,5605,4433,10038,28789,29096,57885
LGA57980,926,634,629,1263,14,21,35,2421,2619,5040,491,468,959,2926,3108,6034
LGA58050,4454,4169,4010,8179,638,791,1429,13638,13974,27612,2560,2184,4744,16836,16949,33785
LGA58190,12,19,13,32,14,15,29,45,39,84,8,4,12,67,58,125
LGA58260,27,22,32,54,3,8,11,54,57,111,12,15,27,69,80,149
LGA58330,268,219,185,404,22,25,47,408,481,889,164,127,291,594,633,1227
LGA58400,5,13,10,23,8,9,17,32,19,51,5,0,5,45,28,73
LGA58470,18,24,14,38,29,26,55,3,3,6,13,5,18,45,34,79
LGA58510,2000,1657,1481,3138,89,107,196,3955,4350,8305,1219,836,2055,5263,5293,10556
LGA58540,32,40,30,70,3,3,6,84,82,166,25,10,35,112,95,207
LGA58570,2141,1533,1199,2732,36,24,60,3388,3640,7028,1247,951,2198,4671,4615,9286
LGA58610,34,59,60,119,16,8,24,178,213,391,21,16,37,215,237,452
LGA58680,9,13,10,23,0,0,0,44,48,92,6,3,9,50,51,101
LGA58760,5869,5557,5184,10741,477,492,969,20121,21192,41313,3409,2870,6279,24007,24554,48561
LGA58820,111,124,113,237,25,22,47,372,406,778,74,49,123,471,477,948
LGA58890,19,20,29,49,3,3,6,84,88,172,7,12,19,94,103,197
LGA59030,10,15,8,23,0,0,0,26,20,46,7,3,10,33,23,56
LGA59100,28,24,22,46,3,3,6,64,74,138,15,13,28,82,90,172
LGA59170,27,20,28,48,0,0,0,83,85,168,9,18,27,92,103,195
LGA59250,136,112,43,155,39,27,66,48,22,70,100,36,136,187,85,272
LGA59310,38,56,48,104,22,23,45,122,131,253,24,19,43,168,173,341
LGA59320,6,7,3,10,0,0,0,47,51,98,3,6,9,50,57,107
LGA59330,35,24,27,51,6,5,11,38,50,88,18,17,35,62,72,134
LGA59340,571,543,415,958,467,542,1009,393,433,826,359,234,593,1219,1209,2428
LGA59350,65,49,21,70,21,16,37,8,7,15,44,21,65,73,44,117
LGA59360,156,135,61,196,6,0,6,148,147,295,108,51,159,262,198,460
LGA59370,154,155,117,272,24,17,41,319,333,652,93,67,160,436,417,853
LGA59399,59,58,5,63,0,0,0,20,0,20,54,5,59,74,5,79
LGA59499,674,919,455,1374,151,126,277,587,406,993,471,209,680,1209,741,1950
LGA60210,216,245,209,454,45,54,99,553,597,1150,124,105,229,722,756,1478
LGA60410,662,636,720,1356,219,241,460,1804,1881,3685,322,388,710,2345,2510,4855
LGA60610,533,674,712,1386,222,237,459,2148,2471,4619,297,282,579,2667,2990,5657
LGA60810,605,716,774,1490,227,236,463,2229,2405,4634,365,314,679,2821,2955,5776
LGA61010,87,102,69,171,22,25,47,197,196,393,58,41,99,277,262,539
LGA61210,262,300,241,541,180,190,370,774,825,1599,176,108,284,1130,1123,2253
LGA61410,1386,1871,1520,3391,341,294,635,6134,6122,12256,815,696,1511,7290,7112,14402
LGA61510,213,373,283,656,95,76,171,1128,1031,2159,120,122,242,1343,1229,2572
LGA61610,690,838,928,1766,221,257,478,2554,2874,5428,393,363,756,3168,3494,6662
LGA61810,191,197,213,410,45,48,93,664,758,1422,121,91,212,830,897,1727
LGA62010,39,32,25,57,18,15,33,45,22,67,22,17,39,85,54,139
LGA62210,151,237,229,466,53,76,129,707,753,1460,94,82,176,854,911,1765
LGA62410,116,135,141,276,39,18,57,323,345,668,58,64,122,420,427,847
LGA62610,1201,1547,1705,3252,345,384,729,5000,5437,10437,677,648,1325,6022,6469,12491
LGA62810,1793,1504,1339,2843,105,124,229,6756,7085,13841,1085,821,1906,7946,8030,15976
LGA63010,308,457,403,860,228,239,467,1521,1596,3117,203,156,359,1952,1991,3943
LGA63210,120,175,163,338,40,40,80,692,680,1372,78,61,139,810,781,1591
LGA63410,34,44,45,89,9,6,15,109,138,247,11,23,34,129,167,296
LGA63610,699,766,809,1575,211,197,408,4169,4493,8662,401,392,793,4781,5082,9863
LGA63810,220,271,247,518,88,64,152,990,1058,2048,142,113,255,1220,1235,2455
LGA64010,1905,2013,2102,4115,384,418,802,8050,8473,16523,1039,1013,2052,9473,9904,19377
LGA64210,363,418,469,887,95,98,193,2097,2287,4384,200,199,399,2392,2584,4976
LGA64610,223,383,302,685,78,68,146,1395,1447,2842,134,110,244,1607,1625,3232
LGA64810,430,443,412,855,105,100,205,1364,1472,2836,235,223,458,1704,1795,3499
LGA65010,211,237,214,451,46,52,98,644,673,1317,126,100,226,816,825,1641
LGA65210,73,84,96,180,17,21,38,199,207,406,43,39,82,259,267,526
LGA65410,311,427,389,816,161,151,312,1453,1505,2958,195,157,352,1809,1813,3622
LGA65610,203,207,185,392,66,57,123,430,425,855,122,99,221,618,581,1199
LGA65810,509,602,574,1176,81,78,159,2571,2818,5389,311,242,553,2963,3138,6101
LGA69399,5,5,3,8,0,0,0,3,9,12,5,0,5,8,9,17
LGA69499,55,112,50,162,23,6,29,115,108,223,38,20,58,176,134,310
LGA70200,1733,1559,1345,2904,925,1013,1938,2297,2508,4805,1044,766,1810,4266,4287,8553
LGA70420,315,520,481,1001,880,851,1731,146,172,318,163,162,325,1189,1185,2374
LGA70540,0,0,5,5,18,28,46,3,0,3,0,0,0,21,28,49
LGA70620,82,242,248,490,544,540,1084,43,46,89,54,34,88,641,620,1261
LGA70700,150,127,81,208,48,48,96,69,68,137,91,59,150,208,175,383
LGA71000,6481,5621,3972,9593,1234,1218,2452,8018,8144,16162,3835,2842,6677,13087,12204,25291
LGA71300,33,317,282,599,1496,1419,2915,74,83,157,24,20,44,1594,1522,3116
LGA72200,707,602,511,1113,416,400,816,744,829,1573,401,336,737,1561,1565,3126
LGA72300,2155,1486,1134,2620,258,278,536,1880,1997,3877,1269,933,2202,3407,3208,6615
LGA72330,139,887,371,1258,1201,803,2004,101,60,161,91,57,148,1393,920,2313
LGA72800,2064,1485,1395,2880,604,644,1248,2864,3283,6147,1121,1034,2155,4589,4961,9550
LGA73600,74,355,347,702,897,964,1861,84,89,173,48,32,80,1029,1085,2114
LGA74050,18,69,58,127,389,383,772,26,22,48,15,6,21,430,411,841
LGA74500,63,258,188,446,797,751,1548,147,120,267,33,30,63,977,901,1878
LGA74560,18,19,10,29,3,6,9,33,24,57,11,10,21,47,40,87
LGA74660,186,271,192,463,848,772,1620,128,122,250,122,70,192,1098,964,2062
LGA79399,650,1169,354,1523,588,124,712,947,776,1723,416,262,678,1951,1162,3113
LGA79499,206,160,117,277,16,19,35,80,81,161,127,79,206,223,179,402
LGA89399,11249,9894,8548,18442,1110,1092,2202,49759,50710,100469,6677,5320,11997,57546,57122,114668
LGA89499,30,46,17,63,6,0,6,86,70,156,23,7,30,115,77,192
LGA99399,88,852,93,945,40,46,86,976,223,1199,52,51,103,1068,320,1388
LGA99499,0,0,0,0,3,0,3,3,3,6,0,0,0,6,3,9
